RELATIVISTIC PHASE SHIFTS FOR OXYGEN O1       
   20.0000   5.0000   57   12
  20.0000 0.49192-1.41206 0.89505-0.36499 0.03766 0.00133 0.00005 0.00000
  -0.0000-0.00000-0.00000-0.00000-0.00000
  25.0000 0.26263 1.55395 0.98332-0.44089 0.10627 0.00414 0.00018 0.00001
   0.0000 0.00000 0.00000 0.00000 0.00000
  30.0000 0.07975 1.42499 0.96594-0.51171 0.26355 0.01033 0.00055 0.00002
   0.0000 0.00000 0.00000 0.00000 0.00000
  35.0000-0.06436 1.33854 0.89934-0.57151 0.59406 0.02225 0.00134 0.00007
   0.0000 0.00000 0.00000 0.00000 0.00000
  40.0000-0.17494 1.29026 0.81003-0.61607 1.10084 0.04319 0.00290 0.00017
   0.0000 0.00000-0.00000-0.00000-0.00000
  45.0000-0.25658 1.27308 0.71056-0.64185 1.51363 0.07758 0.00566 0.00038
   0.0000 0.00000-0.00000-0.00000-0.00000
  50.0000-0.31447 1.27615 0.60732-0.64597-1.41791 0.13129 0.01022 0.00077
   0.0000 0.00000-0.00000-0.00000-0.00000
  55.0000-0.35476 1.28648 0.50381-0.62696-1.32788 0.21148 0.01732 0.00142
   0.0001 0.00001 0.00000-0.00000-0.00000
  60.0000-0.38430 1.29263 0.40203-0.58609-1.29684 0.32531 0.02791 0.00248
   0.0002 0.00001 0.00000-0.00000-0.00000
  65.0000-0.40967 1.28762 0.30322-0.52865-1.29553 0.47599 0.04310 0.00411
   0.0003 0.00002 0.00000 0.00000 0.00000
  70.0000-0.43612 1.26908 0.20820-0.46373-1.30960 0.65593 0.06422 0.00653
   0.0006 0.00004 0.00000 0.00000-0.00000
  75.0000-0.46703 1.23776 0.11753-0.40184-1.33122 0.84348 0.09278 0.00998
   0.0010 0.00008 0.00000 0.00000-0.00000
  80.0000-0.50398 1.19584 0.03164-0.35146-1.35572 1.01237 0.13042 0.01478
   0.0015 0.00013 0.00001 0.00000-0.00000
  85.0000-0.54719 1.14582-0.04912-0.31710-1.37994 1.14638 0.17875 0.02127
   0.0023 0.00021 0.00002 0.00000-0.00000
  90.0000-0.59607 1.09001-0.12444-0.29951-1.40158 1.24310 0.23909 0.02987
   0.0034 0.00033 0.00003 0.00000-0.00000
  95.0000-0.64964 1.03037-0.19404-0.29716-1.41882 1.30793 0.31202 0.04102
   0.0049 0.00051 0.00004 0.00000 0.00000
 100.0000-0.70682 0.96844-0.25764-0.30753-1.43008 1.34814 0.39680 0.05522
   0.0070 0.00076 0.00007 0.00001 0.00000
 105.0000-0.76658 0.90549-0.31499-0.32798-1.43406 1.37020 0.49087 0.07302
   0.0097 0.00110 0.00010 0.00001 0.00000
 110.0000-0.82798 0.84250-0.36588-0.35616-1.42966 1.37920 0.58982 0.09496
   0.0131 0.00157 0.00016 0.00001 0.00000
 115.0000-0.89023 0.78024-0.41011-0.39005-1.41616 1.37892 0.68807 0.12160
   0.0176 0.00220 0.00023 0.00002 0.00000
 120.0000-0.95265 0.71935-0.44760-0.42805-1.39331 1.37218 0.78011 0.15341
   0.0231 0.00303 0.00033 0.00003 0.00000
 125.0000-1.01466 0.66032-0.47833-0.46885-1.36158 1.36112 0.86179 0.19076
   0.0300 0.00410 0.00047 0.00005 0.00000
 130.0000-1.07579 0.60358-0.50247-0.51139-1.32229 1.34736 0.93082 0.23382
   0.0383 0.00547 0.00066 0.00007 0.00001
 135.0000-1.13564 0.54948-0.52034-0.55484-1.27761 1.33222 0.98664 0.28246
   0.0485 0.00719 0.00090 0.00010 0.00001
 140.0000-1.19387 0.49829-0.53250-0.59851-1.23039 1.31674 1.02996 0.33617
   0.0606 0.00933 0.00122 0.00013 0.00001
 145.0000-1.25019 0.45025-0.53969-0.64183-1.18372 1.30181 1.06209 0.39400
   0.0749 0.01196 0.00163 0.00019 0.00002
 150.0000-1.30437 0.40553-0.54288-0.68433-1.14044 1.28822 1.08462 0.45460
   0.0916 0.01517 0.00215 0.00026 0.00003
 155.0000-1.35620 0.36428-0.54316-0.72560-1.10275 1.27664 1.09912 0.51627
   0.1110 0.01904 0.00279 0.00034 0.00004
 160.0000-1.40552 0.32658-0.54172-0.76532-1.07201 1.26768 1.10703 0.57718
   0.1333 0.02367 0.00359 0.00046 0.00005
 165.0000-1.45220 0.29245-0.53967-0.80318-1.04878 1.26190 1.10961 0.63555
   0.1585 0.02916 0.00458 0.00061 0.00007
 170.0000-1.49613 0.26186-0.53806-0.83894-1.03297 1.25978 1.10796 0.68985
   0.1867 0.03561 0.00578 0.00079 0.00009
 175.0000-1.53725 0.23471-0.53770-0.87238-1.02409 1.26175 1.10299 0.73898
   0.2179 0.04314 0.00723 0.00103 0.00012
 180.0000 1.56606 0.21082-0.53924-0.90333-1.02140 1.26812 1.09552 0.78223
   0.2520 0.05186 0.00897 0.00132 0.00016
 185.0000 1.53062 0.18995-0.54305-0.93165-1.02405 1.27908 1.08621 0.81934
   0.2888 0.06187 0.01104 0.00167 0.00021
 190.0000 1.49798 0.17179-0.54933-0.95724-1.03122 1.29467 1.07565 0.85033
   0.3277 0.07330 0.01348 0.00210 0.00028
 195.0000 1.46803 0.15597-0.55809-0.98004-1.04210 1.31472 1.06436 0.87548
   0.3683 0.08624 0.01634 0.00263 0.00036
 200.0000 1.44065 0.14207-0.56923-1.00004-1.05597 1.33884 1.05278 0.89524
   0.4100 0.10079 0.01967 0.00326 0.00046
 205.0000 1.41566 0.12964-0.58252-1.01729-1.07217 1.36640 1.04131 0.91011
   0.4520 0.11704 0.02352 0.00401 0.00058
 210.0000 1.39284 0.11823-0.59769-1.03188-1.09014 1.39657 1.03033 0.92063
   0.4935 0.13503 0.02796 0.00490 0.00073
 215.0000 1.37194 0.10740-0.61445-1.04396-1.10938 1.42834 1.02016 0.92734
   0.5339 0.15481 0.03304 0.00595 0.00091
 220.0000 1.35267 0.09672-0.63246-1.05375-1.12944 1.46060 1.01111 0.93076
   0.5725 0.17637 0.03882 0.00718 0.00113
 225.0000 1.33474 0.08583-0.65140-1.06151-1.14994 1.49227 1.00347 0.93135
   0.6086 0.19966 0.04536 0.00862 0.00139
 230.0000 1.31783 0.07444-0.67096-1.06755-1.17055 1.52235 0.99747 0.92958
   0.6419 0.22462 0.05271 0.01028 0.00170
 235.0000 1.30163 0.06229-0.69085-1.07220-1.19098 1.55001 0.99337 0.92582
   0.6721 0.25109 0.06095 0.01220 0.00207
 240.0000 1.28585 0.04922-0.71077-1.07583-1.21098-1.56695 0.99136 0.92046
   0.6990 0.27889 0.07013 0.01439 0.00251
 245.0000 1.27020 0.03512-0.73047-1.07881-1.23031-1.54575 0.99163 0.91381
   0.7224 0.30778 0.08029 0.01690 0.00302
 250.0000 1.25446 0.01994-0.74970-1.08150-1.24880-1.52816 0.99430 0.90619
   0.7425 0.33749 0.09150 0.01975 0.00361
 255.0000 1.23841 0.00368-0.76826-1.08423-1.26628-1.51419 0.99947 0.89786
   0.7594 0.36769 0.10378 0.02298 0.00431
 260.0000 1.22188-0.01363-0.78594-1.08729-1.28261-1.50372 1.00718 0.88907
   0.7732 0.39804 0.11717 0.02661 0.00511
 265.0000 1.20476-0.03189-0.80258-1.09094-1.29769-1.49653 1.01742 0.88005
   0.7842 0.42819 0.13168 0.03069 0.00602
 270.0000 1.18695-0.05102-0.81802-1.09536-1.31144-1.49233 1.03009 0.87102
   0.7925 0.45777 0.14733 0.03523 0.00708
 275.0000 1.16840-0.07090-0.83216-1.10072-1.32381-1.49081 1.04503 0.86216
   0.7984 0.48645 0.16409 0.04029 0.00828
 280.0000 1.14909-0.09140-0.84488-1.10709-1.33476-1.49164 1.06201 0.85366
   0.8021 0.51393 0.18193 0.04590 0.00964
 285.0000 1.12904-0.11238-0.85614-1.11452-1.34431-1.49449 1.08071 0.84569
   0.8039 0.53995 0.20081 0.05209 0.01119
 290.0000 1.10827-0.13371-0.86589-1.12302-1.35248-1.49903 1.10076 0.83841
   0.8039 0.56428 0.22066 0.05889 0.01293
 295.0000 1.08685-0.15524-0.87414-1.13256-1.35934-1.50498 1.12174 0.83195
   0.8025 0.58677 0.24136 0.06633 0.01488
 300.0000 1.06483-0.17684-0.88091-1.14308-1.36497-1.51205 1.14322 0.82646
   0.7997 0.60730 0.26282 0.07445 0.01707
RELATIVISTIC PHASE SHIFTS FOR OXYGEN O2       
   20.0000   5.0000   57   12
  20.0000-0.27607 0.74298-1.08891 0.55238 0.02060 0.00097 0.00004 0.00000
  -0.0000-0.00000-0.00000-0.00000-0.00000
  25.0000-0.51561 0.60184-1.24889 1.07013 0.05200 0.00297 0.00015 0.00001
   0.0000 0.00000 0.00000 0.00000 0.00000
  30.0000-0.72825 0.45036-1.39297 1.38979 0.11044 0.00728 0.00043 0.00002
   0.0000 0.00000 0.00000 0.00000 0.00000
  35.0000-0.91916 0.30178-1.52032 1.50488 0.20744 0.01532 0.00104 0.00006
   0.0000 0.00000 0.00000 0.00000 0.00000
  40.0000-1.09167 0.16098 1.51135 1.52159 0.35126 0.02890 0.00223 0.00014
   0.0000 0.00000-0.00000-0.00000-0.00000
  45.0000-1.24800 0.02998 1.41984 1.49328 0.53567 0.05017 0.00432 0.00031
   0.0000 0.00000-0.00000-0.00000-0.00000
  50.0000-1.38969-0.09030 1.34825 1.44338 0.73145 0.08155 0.00772 0.00061
   0.0000 0.00000-0.00000-0.00000-0.00000
  55.0000-1.51777-0.19932 1.29845 1.38311 0.90084 0.12554 0.01295 0.00114
   0.0001 0.00000 0.00000-0.00000-0.00000
  60.0000 1.50864-0.29667 1.27247 1.31843 1.02342 0.18425 0.02060 0.00198
   0.0002 0.00001 0.00000-0.00000-0.00000
  65.0000 1.40589-0.38195 1.27170 1.25282 1.09981 0.25867 0.03137 0.00326
   0.0003 0.00002 0.00000 0.00000 0.00000
  70.0000 1.31526-0.45475 1.29575 1.18852 1.13972 0.34764 0.04601 0.00515
   0.0005 0.00004 0.00000 0.00000-0.00000
  75.0000 1.23651-0.51472 1.34100 1.12709 1.15333 0.44697 0.06531 0.00783
   0.0008 0.00006 0.00000 0.00000-0.00000
  80.0000 1.16938-0.56164 1.39992 1.06974 1.14862 0.54972 0.09008 0.01152
   0.0012 0.00011 0.00001 0.00000-0.00000
  85.0000 1.11351-0.59558 1.46235 1.01745 1.13132 0.64779 0.12102 0.01646
   0.0019 0.00017 0.00001 0.00000-0.00000
  90.0000 1.06831-0.61710 1.51857 0.97110 1.10546 0.73431 0.15865 0.02294
   0.0028 0.00027 0.00002 0.00000-0.00000
  95.0000 1.03291-0.62738 1.56215 0.93149 1.07392 0.80522 0.20316 0.03125
   0.0040 0.00042 0.00004 0.00000 0.00000
 100.0000 1.00607-0.62839-1.55099 0.89935 1.03876 0.85938 0.25426 0.04170
   0.0056 0.00063 0.00006 0.00000 0.00000
 105.0000 0.98621-0.62272-1.53714 0.87533 1.00153 0.89766 0.31103 0.05462
   0.0078 0.00091 0.00009 0.00001 0.00000
 110.0000 0.97147-0.61338-1.53579 0.85995 0.96340 0.92203 0.37188 0.07032
   0.0105 0.00130 0.00013 0.00001 0.00000
 115.0000 0.95989-0.60339-1.54435 0.85349 0.92531 0.93472 0.43466 0.08910
   0.0140 0.00181 0.00019 0.00002 0.00000
 120.0000 0.94955-0.59531-1.56030 0.85588 0.88801 0.93790 0.49687 0.11120
   0.0183 0.00249 0.00028 0.00003 0.00000
 125.0000 0.93881-0.59100 1.56016 0.86660 0.85213 0.93348 0.55607 0.13678
   0.0236 0.00336 0.00040 0.00004 0.00000
 130.0000 0.92637-0.59156 1.53569 0.88462 0.81823 0.92307 0.61018 0.16592
   0.0301 0.00447 0.00055 0.00006 0.00000
 135.0000 0.91139-0.59736 1.50941 0.90830 0.78678 0.90802 0.65771 0.19851
   0.0378 0.00587 0.00075 0.00008 0.00001
 140.0000 0.89340-0.60828 1.48257 0.93561 0.75822 0.88943 0.69785 0.23429
   0.0470 0.00760 0.00102 0.00011 0.00001
 145.0000 0.87226-0.62382 1.45622 0.96427 0.73295 0.86821 0.73034 0.27282
   0.0577 0.00972 0.00136 0.00016 0.00002
 150.0000 0.84810-0.64332 1.43121 0.99210 0.71130 0.84512 0.75539 0.31344
   0.0702 0.01229 0.00178 0.00022 0.00002
 155.0000 0.82119-0.66605 1.40825 1.01725 0.69358 0.82079 0.77352 0.35532
   0.0844 0.01538 0.00232 0.00029 0.00003
 160.0000 0.79192-0.69125 1.38793 1.03836 0.68002 0.79577 0.78537 0.39753
   0.1007 0.01906 0.00298 0.00039 0.00004
 165.0000 0.76070-0.71822 1.37073 1.05467 0.67079 0.77051 0.79169 0.43909
   0.1189 0.02340 0.00379 0.00051 0.00006
 170.0000 0.72799-0.74632 1.35701 1.06589 0.66593 0.74542 0.79318 0.47903
   0.1392 0.02847 0.00478 0.00067 0.00008
 175.0000 0.69420-0.77496 1.34701 1.07213 0.66540 0.72086 0.79056 0.51651
   0.1615 0.03436 0.00597 0.00086 0.00010
 180.0000 0.65974-0.80361 1.34083 1.07377 0.66900 0.69713 0.78444 0.55084
   0.1857 0.04114 0.00739 0.00110 0.00014
 185.0000 0.62499-0.83181 1.33845 1.07136 0.67639 0.67453 0.77542 0.58152
   0.2117 0.04889 0.00907 0.00140 0.00018
 190.0000 0.59030-0.85916 1.33967 1.06552 0.68705 0.65331 0.76400 0.60826
   0.2392 0.05768 0.01106 0.00176 0.00023
 195.0000 0.55597-0.88530 1.34414 1.05688 0.70034 0.63371 0.75065 0.63091
   0.2679 0.06757 0.01337 0.00220 0.00030
 200.0000 0.52228-0.90993 1.35138 1.04606 0.71552 0.61593 0.73576 0.64949
   0.2976 0.07863 0.01606 0.00272 0.00039
 205.0000 0.48949-0.93277 1.36077 1.03364 0.73176 0.60017 0.71970 0.66415
   0.3277 0.09090 0.01917 0.00335 0.00049
 210.0000 0.45782-0.95363 1.37161 1.02017 0.74825 0.58659 0.70278 0.67508
   0.3578 0.10441 0.02273 0.00409 0.00062
 215.0000 0.42745-0.97232 1.38314 1.00614 0.76422 0.57532 0.68530 0.68256
   0.3875 0.11918 0.02679 0.00496 0.00077
 220.0000 0.39857-0.98874 1.39465 0.99197 0.77899 0.56645 0.66752 0.68687
   0.4164 0.13520 0.03139 0.00597 0.00095
 225.0000 0.37130-1.00282 1.40547 0.97808 0.79205 0.56005 0.64966 0.68833
   0.4440 0.15244 0.03658 0.00716 0.00117
 230.0000 0.34576-1.01456 1.41504 0.96481 0.80299 0.55615 0.63195 0.68724
   0.4699 0.17084 0.04239 0.00853 0.00143
 235.0000 0.32203-1.02401 1.42293 0.95246 0.81160 0.55469 0.61457 0.68389
   0.4939 0.19032 0.04888 0.01010 0.00174
 240.0000 0.30017-1.03127 1.42885 0.94131 0.81776 0.55561 0.59769 0.67857
   0.5158 0.21075 0.05607 0.01190 0.00211
 245.0000 0.28020-1.03653 1.43263 0.93159 0.82149 0.55874 0.58150 0.67154
   0.5354 0.23199 0.06400 0.01395 0.00254
 250.0000 0.26211-1.04000 1.43423 0.92347 0.82289 0.56390 0.56613 0.66305
   0.5525 0.25386 0.07270 0.01628 0.00304
 255.0000 0.24585-1.04197 1.43369 0.91709 0.82213 0.57082 0.55172 0.65333
   0.5672 0.27617 0.08220 0.01890 0.00361
 260.0000 0.23135-1.04273 1.43113 0.91256 0.81943 0.57919 0.53840 0.64260
   0.5796 0.29870 0.09252 0.02185 0.00428
 265.0000 0.21849-1.04263 1.42674 0.90991 0.81502 0.58867 0.52629 0.63104
   0.5895 0.32122 0.10366 0.02515 0.00505
 270.0000 0.20713-1.04200 1.42072 0.90914 0.80916 0.59890 0.51546 0.61885
   0.5973 0.34351 0.11562 0.02882 0.00592
 275.0000 0.19710-1.04117 1.41331 0.91018 0.80211 0.60949 0.50603 0.60618
   0.6028 0.36532 0.12839 0.03289 0.00692
 280.0000 0.18821-1.04046 1.40476 0.91293 0.79412 0.62009 0.49804 0.59320
   0.6064 0.38645 0.14195 0.03739 0.00805
 285.0000 0.18025-1.04015 1.39530 0.91722 0.78544 0.63035 0.49155 0.58005
   0.6082 0.40669 0.15627 0.04234 0.00933
 290.0000 0.17301-1.04048 1.38518 0.92283 0.77630 0.63997 0.48659 0.56685
   0.6082 0.42586 0.17128 0.04777 0.01077
 295.0000 0.16625-1.04162 1.37463 0.92952 0.76693 0.64869 0.48318 0.55375
   0.6067 0.44381 0.18693 0.05368 0.01238
 300.0000 0.15977-1.04372 1.36387 0.93702 0.75753 0.65632 0.48129 0.54085
   0.6037 0.46041 0.20314 0.06012 0.01418
RELATIVISTIC PHASE SHIFTS FOR ZINC Zn1        
   20.0000   5.0000   57   12
  20.0000 0.33534 1.22463 0.76677 0.19976 0.01059 0.00054 0.00002 0.00000
  -0.0000-0.00000-0.00000-0.00000-0.00000
  25.0000 0.11222 1.02526 0.92600 0.41139 0.02584 0.00164 0.00008 0.00000
   0.0000 0.00000 0.00000 0.00000 0.00000
  30.0000-0.07025 0.85416 0.96945 0.68145 0.05274 0.00398 0.00024 0.00001
   0.0000 0.00000 0.00000 0.00000 0.00000
  35.0000-0.22095 0.70623 0.95235 0.92407 0.09502 0.00825 0.00059 0.00003
   0.0000 0.00000 0.00000 0.00000 0.00000
  40.0000-0.34572 0.57825 0.90631 1.08555 0.15568 0.01533 0.00126 0.00008
   0.0000 0.00000-0.00000-0.00000-0.00000
  45.0000-0.44894 0.46802 0.84735 1.17325 0.23569 0.02614 0.00243 0.00018
   0.0000 0.00000-0.00000-0.00000-0.00000
  50.0000-0.53428 0.37385 0.78392 1.21200 0.33240 0.04168 0.00431 0.00036
   0.0000 0.00000-0.00000-0.00000-0.00000
  55.0000-0.60517 0.29433 0.72077 1.22153 0.43870 0.06289 0.00717 0.00066
   0.0000 0.00000 0.00000-0.00000-0.00000
  60.0000-0.66488 0.22805 0.66077 1.21456 0.54437 0.09059 0.01130 0.00114
   0.0001 0.00001 0.00000-0.00000-0.00000
  65.0000-0.71650 0.17353 0.60578 1.19910 0.63958 0.12530 0.01704 0.00187
   0.0002 0.00001 0.00000 0.00000 0.00000
  70.0000-0.76283 0.12906 0.55702 1.18036 0.71798 0.16709 0.02472 0.00293
   0.0003 0.00002 0.00000 0.00000-0.00000
  75.0000-0.80623 0.09276 0.51533 1.16191 0.77749 0.21543 0.03470 0.00444
   0.0005 0.00004 0.00000 0.00000-0.00000
  80.0000-0.84853 0.06262 0.48122 1.14632 0.81915 0.26906 0.04730 0.00649
   0.0007 0.00006 0.00000 0.00000-0.00000
  85.0000-0.89100 0.03662 0.45488 1.13554 0.84558 0.32602 0.06283 0.00923
   0.0011 0.00010 0.00001 0.00000-0.00000
  90.0000-0.93442 0.01288 0.43619 1.13103 0.85976 0.38389 0.08151 0.01278
   0.0016 0.00016 0.00001 0.00000-0.00000
  95.0000-0.97916-0.01018 0.42467 1.13385 0.86454 0.44007 0.10349 0.01728
   0.0023 0.00025 0.00002 0.00000 0.00000
 100.0000-1.02530-0.03379 0.41947 1.14461 0.86234 0.49226 0.12876 0.02290
   0.0032 0.00037 0.00003 0.00000 0.00000
 105.0000-1.07271-0.05877 0.41941 1.16339 0.85518 0.53868 0.15718 0.02977
   0.0045 0.00054 0.00005 0.00000 0.00000
 110.0000-1.12113-0.08561 0.42305 1.18968 0.84473 0.57828 0.18842 0.03804
   0.0060 0.00076 0.00008 0.00001 0.00000
 115.0000-1.17028-0.11448 0.42885 1.22230 0.83231 0.61064 0.22197 0.04784
   0.0080 0.00107 0.00012 0.00001 0.00000
 120.0000-1.21980-0.14534 0.43526 1.25949 0.81905 0.63587 0.25715 0.05927
   0.0104 0.00146 0.00017 0.00002 0.00000
 125.0000-1.26938-0.17800 0.44096 1.29909 0.80584 0.65447 0.29314 0.07242
   0.0133 0.00197 0.00024 0.00002 0.00000
 130.0000-1.31869-0.21216 0.44490 1.33881 0.79345 0.66713 0.32907 0.08734
   0.0169 0.00261 0.00033 0.00003 0.00000
 135.0000-1.36746-0.24751 0.44635 1.37661 0.78251 0.67462 0.36404 0.10403
   0.0211 0.00341 0.00045 0.00005 0.00000
 140.0000-1.41542-0.28368 0.44491 1.41088 0.77354 0.67775 0.39724 0.12244
   0.0261 0.00440 0.00060 0.00007 0.00001
 145.0000-1.46235-0.32034 0.44048 1.44059 0.76696 0.67729 0.42799 0.14247
   0.0319 0.00562 0.00080 0.00009 0.00001
 150.0000-1.50804-0.35714 0.43315 1.46529 0.76310 0.67394 0.45577 0.16395
   0.0385 0.00708 0.00106 0.00013 0.00001
 155.0000-1.55233-0.39380 0.42319 1.48500 0.76217 0.66836 0.48022 0.18665
   0.0462 0.00883 0.00137 0.00017 0.00002
 160.0000 1.54652-0.43004 0.41094 1.50008 0.76430 0.66113 0.50117 0.21028
   0.0548 0.01090 0.00176 0.00023 0.00003
 165.0000 1.50545-0.46560 0.39680 1.51108 0.76948 0.65277 0.51859 0.23453
   0.0644 0.01334 0.00223 0.00031 0.00004
 170.0000 1.46614-0.50027 0.38118 1.51867 0.77760 0.64372 0.53258 0.25903
   0.0750 0.01617 0.00281 0.00040 0.00005
 175.0000 1.42864-0.53388 0.36451 1.52356 0.78841 0.63441 0.54331 0.28340
   0.0867 0.01944 0.00350 0.00052 0.00006
 180.0000 1.39302-0.56624 0.34716 1.52644 0.80156 0.62519 0.55104 0.30726
   0.0995 0.02318 0.00432 0.00066 0.00008
 185.0000 1.35927-0.59725 0.32950 1.52795 0.81660 0.61638 0.55605 0.33026
   0.1132 0.02744 0.00529 0.00084 0.00011
 190.0000 1.32739-0.62679 0.31187 1.52869 0.83300 0.60826 0.55863 0.35208
   0.1278 0.03224 0.00643 0.00105 0.00014
 195.0000 1.29735-0.65480 0.29455 1.52918 0.85020 0.60106 0.55909 0.37245
   0.1433 0.03762 0.00776 0.00131 0.00018
 200.0000 1.26908-0.68121 0.27781 1.52987 0.86761 0.59499 0.55774 0.39115
   0.1596 0.04361 0.00930 0.00162 0.00023
 205.0000 1.24250-0.70603 0.26186 1.53116 0.88471 0.59022 0.55486 0.40802
   0.1764 0.05022 0.01106 0.00199 0.00030
 210.0000 1.21752-0.72925 0.24689 1.53337 0.90102 0.58689 0.55075 0.42297
   0.1936 0.05749 0.01308 0.00242 0.00037
 215.0000 1.19400-0.75090 0.23304 1.53673 0.91615 0.58508 0.54565 0.43595
   0.2112 0.06541 0.01537 0.00293 0.00046
 220.0000 1.17181-0.77105 0.22043 1.54142 0.92980 0.58484 0.53981 0.44696
   0.2288 0.07399 0.01796 0.00353 0.00057
 225.0000 1.15079-0.78979 0.20913 1.54754 0.94178 0.58621 0.53347 0.45604
   0.2464 0.08322 0.02086 0.00422 0.00070
 230.0000 1.13079-0.80722 0.19917 1.55513 0.95201 0.58914 0.52682 0.46327
   0.2637 0.09310 0.02410 0.00501 0.00086
 235.0000 1.11164-0.82346 0.19055 1.56413 0.96046 0.59357 0.52006 0.46876
   0.2805 0.10359 0.02769 0.00593 0.00105
 240.0000 1.09318-0.83865 0.18324-1.56714 0.96720 0.59940 0.51337 0.47261
   0.2967 0.11465 0.03167 0.00697 0.00126
 245.0000 1.07525-0.85295 0.17717-1.55568 0.97234 0.60646 0.50691 0.47497
   0.3122 0.12625 0.03604 0.00815 0.00152
 250.0000 1.05770-0.86651 0.17222-1.54330 0.97603 0.61458 0.50081 0.47597
   0.3268 0.13832 0.04082 0.00949 0.00181
 255.0000 1.04038-0.87949 0.16828-1.53025 0.97845 0.62357 0.49522 0.47576
   0.3403 0.15079 0.04602 0.01099 0.00216
 260.0000 1.02319-0.89204 0.16519-1.51681 0.97980 0.63318 0.49023 0.47448
   0.3528 0.16359 0.05165 0.01268 0.00255
 265.0000 1.00600-0.90432 0.16279-1.50327 0.98028 0.64319 0.48595 0.47228
   0.3641 0.17663 0.05772 0.01456 0.00300
 270.0000 0.98873-0.91646 0.16090-1.48991 0.98010 0.65336 0.48246 0.46929
   0.3743 0.18982 0.06422 0.01664 0.00352
 275.0000 0.97132-0.92858 0.15934-1.47700 0.97946 0.66347 0.47983 0.46565
   0.3832 0.20307 0.07117 0.01894 0.00410
 280.0000 0.95370-0.94078 0.15795-1.46475 0.97853 0.67330 0.47810 0.46149
   0.3909 0.21627 0.07855 0.02148 0.00477
 285.0000 0.93585-0.95316 0.15655-1.45336 0.97752 0.68268 0.47730 0.45694
   0.3975 0.22934 0.08635 0.02426 0.00551
 290.0000 0.91773-0.96579 0.15500-1.44296 0.97657 0.69144 0.47745 0.45212
   0.4029 0.24216 0.09455 0.02730 0.00635
 295.0000 0.89936-0.97871 0.15317-1.43365 0.97585 0.69947 0.47854 0.44712
   0.4071 0.25465 0.10314 0.03061 0.00729
 300.0000 0.88074-0.99195 0.15095-1.42549 0.97547 0.70667 0.48054 0.44206
   0.4104 0.26672 0.11208 0.03419 0.00834
RELATIVISTIC PHASE SHIFTS FOR ZINC Zn2        
   20.0000   5.0000   57   12
  20.0000 0.80572-1.48755-1.37896 0.48148 0.01381 0.00065 0.00003 0.00000
  -0.0000-0.00000-0.00000-0.00000-0.00000
  25.0000 0.62601 1.46761-1.44994 1.10743 0.03450 0.00198 0.00010 0.00000
   0.0000 0.00000 0.00000 0.00000 0.00000
  30.0000 0.48558 1.31620-1.54171-1.56936 0.07241 0.00482 0.00028 0.00001
   0.0000 0.00000 0.00000 0.00000 0.00000
  35.0000 0.37363 1.19342 1.50646-1.38280 0.13480 0.01010 0.00069 0.00004
   0.0000 0.00000 0.00000 0.00000 0.00000
  40.0000 0.28175 1.09455 1.41844-1.31963 0.22877 0.01891 0.00148 0.00009
   0.0000 0.00000-0.00000-0.00000-0.00000
  45.0000 0.20311 1.01558 1.33898-1.30538 0.35784 0.03258 0.00286 0.00021
   0.0000 0.00000-0.00000-0.00000-0.00000
  50.0000 0.13235 0.95263 1.26975-1.31029 0.51604 0.05253 0.00509 0.00041
   0.0000 0.00000-0.00000-0.00000-0.00000
  55.0000 0.06554 0.90182 1.21168-1.32073 0.68474 0.08026 0.00851 0.00076
   0.0001 0.00000 0.00000-0.00000-0.00000
  60.0000 0.00011 0.85934 1.16523-1.32942 0.83985 0.11714 0.01348 0.00131
   0.0001 0.00001 0.00000-0.00000-0.00000
  65.0000-0.06544 0.82174 1.13041-1.33206 0.96499 0.16423 0.02042 0.00216
   0.0002 0.00001 0.00000 0.00000 0.00000
  70.0000-0.13180 0.78610 1.10672-1.32601 1.05630 0.22190 0.02979 0.00341
   0.0003 0.00002 0.00000 0.00000-0.00000
  75.0000-0.19912 0.75028 1.09307-1.30990 1.11797 0.28946 0.04207 0.00517
   0.0005 0.00004 0.00000 0.00000-0.00000
  80.0000-0.26723 0.71290 1.08777-1.28360 1.15667 0.36484 0.05771 0.00758
   0.0008 0.00007 0.00001 0.00000-0.00000
  85.0000-0.33582 0.67324 1.08860-1.24829 1.17871 0.44464 0.07717 0.01080
   0.0012 0.00012 0.00001 0.00000-0.00000
  90.0000-0.40450 0.63108 1.09303-1.20642 1.18918 0.52460 0.10082 0.01500
   0.0018 0.00018 0.00001 0.00000-0.00000
  95.0000-0.47288 0.58656 1.09856-1.16138 1.19195 0.60048 0.12889 0.02035
   0.0026 0.00028 0.00002 0.00000 0.00000
 100.0000-0.54059 0.54002 1.10299-1.11684 1.18998 0.66884 0.16148 0.02706
   0.0037 0.00042 0.00004 0.00000 0.00000
 105.0000-0.60729 0.49188 1.10467-1.07610 1.18551 0.72757 0.19841 0.03530
   0.0051 0.00061 0.00006 0.00000 0.00000
 110.0000-0.67270 0.44264 1.10256-1.04152 1.18026 0.77590 0.23927 0.04528
   0.0069 0.00087 0.00009 0.00001 0.00000
 115.0000-0.73655 0.39275 1.09619-1.01436 1.17559 0.81409 0.28331 0.05716
   0.0092 0.00121 0.00013 0.00001 0.00000
 120.0000-0.79864 0.34264 1.08555-0.99491 1.17257 0.84302 0.32954 0.07111
   0.0120 0.00166 0.00019 0.00002 0.00000
 125.0000-0.85879 0.29273 1.07094-0.98274 1.17204 0.86392 0.37673 0.08726
   0.0155 0.00224 0.00027 0.00003 0.00000
 130.0000-0.91684 0.24335 1.05285-0.97703 1.17463 0.87808 0.42358 0.10568
   0.0196 0.00298 0.00037 0.00004 0.00000
 135.0000-0.97268 0.19482 1.03186-0.97674 1.18077 0.88677 0.46881 0.12640
   0.0246 0.00390 0.00051 0.00005 0.00000
 140.0000-1.02620 0.14739 1.00858-0.98080 1.19067 0.89113 0.51129 0.14938
   0.0305 0.00504 0.00068 0.00008 0.00001
 145.0000-1.07735 0.10131 0.98360-0.98818 1.20435 0.89219 0.55015 0.17449
   0.0373 0.00643 0.00091 0.00011 0.00001
 150.0000-1.12608 0.05676 0.95746-0.99796 1.22157 0.89085 0.58479 0.20152
   0.0453 0.00812 0.00120 0.00015 0.00001
 155.0000-1.17236 0.01389 0.93068-1.00929 1.24188 0.88787 0.61492 0.23018
   0.0544 0.01014 0.00155 0.00020 0.00002
 160.0000-1.21621-0.02716 0.90369-1.02146 1.26463 0.88395 0.64046 0.26007
   0.0647 0.01254 0.00199 0.00026 0.00003
 165.0000-1.25764-0.06629 0.87689-1.03382 1.28901 0.87966 0.66154 0.29075
   0.0762 0.01536 0.00253 0.00035 0.00004
 170.0000-1.29673-0.10344 0.85062-1.04584 1.31412 0.87551 0.67845 0.32173
   0.0891 0.01865 0.00319 0.00045 0.00005
 175.0000-1.33354-0.13857 0.82518-1.05706 1.33904 0.87193 0.69154 0.35247
   0.1033 0.02246 0.00398 0.00058 0.00007
 180.0000-1.36818-0.17167 0.80081-1.06711 1.36293 0.86929 0.70122 0.38249
   0.1188 0.02683 0.00492 0.00074 0.00009
 185.0000-1.40077-0.20276 0.77771-1.07567 1.38507 0.86792 0.70792 0.41131
   0.1355 0.03181 0.00603 0.00094 0.00012
 190.0000-1.43148-0.23189 0.75604-1.08253 1.40492 0.86805 0.71207 0.43852
   0.1535 0.03744 0.00733 0.00119 0.00016
 195.0000-1.46045-0.25913 0.73591-1.08750 1.42211 0.86990 0.71408 0.46380
   0.1725 0.04377 0.00886 0.00148 0.00021
 200.0000-1.48788-0.28459 0.71741-1.09051 1.43646 0.87358 0.71434 0.48689
   0.1925 0.05083 0.01062 0.00183 0.00026
 205.0000-1.51395-0.30838 0.70056-1.09153 1.44793 0.87918 0.71323 0.50765
   0.2132 0.05865 0.01265 0.00225 0.00033
 210.0000-1.53887-0.33067 0.68537-1.09062 1.45662 0.88670 0.71107 0.52599
   0.2345 0.06726 0.01497 0.00274 0.00042
 215.0000-1.56282-0.35160 0.67178-1.08789 1.46271 0.89608 0.70817 0.54191
   0.2561 0.07668 0.01762 0.00332 0.00052
 220.0000 1.55558-0.37136 0.65971-1.08354 1.46645 0.90717 0.70483 0.55546
   0.2779 0.08691 0.02060 0.00399 0.00064
 225.0000 1.53298-0.39014 0.64904-1.07779 1.46812 0.91980 0.70128 0.56674
   0.2996 0.09795 0.02396 0.00478 0.00079
 230.0000 1.51081-0.40811 0.63964-1.07094 1.46803 0.93371 0.69778 0.57589
   0.3209 0.10978 0.02772 0.00568 0.00097
 235.0000 1.48890-0.42547 0.63133-1.06329 1.46648 0.94859 0.69453 0.58307
   0.3417 0.12238 0.03190 0.00672 0.00118
 240.0000 1.46712-0.44238 0.62393-1.05517 1.46377 0.96412 0.69171 0.58844
   0.3616 0.13570 0.03652 0.00791 0.00142
 245.0000 1.44538-0.45902 0.61723-1.04688 1.46019 0.97996 0.68950 0.59220
   0.3806 0.14969 0.04162 0.00926 0.00171
 250.0000 1.42358-0.47551 0.61104-1.03874 1.45600 0.99575 0.68803 0.59454
   0.3985 0.16427 0.04720 0.01079 0.00204
 255.0000 1.40165-0.49199 0.60516-1.03101 1.45146 1.01118 0.68742 0.59564
   0.4151 0.17936 0.05329 0.01251 0.00243
 260.0000 1.37954-0.50857 0.59940-1.02390 1.44678 1.02596 0.68778 0.59568
   0.4303 0.19488 0.05989 0.01444 0.00288
 265.0000 1.35724-0.52533 0.59360-1.01760 1.44216 1.03982 0.68917 0.59484
   0.4442 0.21070 0.06702 0.01660 0.00339
 270.0000 1.33471-0.54232 0.58760-1.01222 1.43779 1.05257 0.69165 0.59329
   0.4566 0.22671 0.07469 0.01899 0.00397
 275.0000 1.31198-0.55960 0.58128-1.00785 1.43381 1.06408 0.69524 0.59118
   0.4676 0.24280 0.08288 0.02164 0.00464
 280.0000 1.28906-0.57718 0.57456-1.00451 1.43036 1.07424 0.69993 0.58868
   0.4772 0.25884 0.09161 0.02456 0.00539
 285.0000 1.26597-0.59508 0.56735-1.00220 1.42753 1.08301 0.70570 0.58591
   0.4854 0.27470 0.10085 0.02777 0.00624
 290.0000 1.24274-0.61327 0.55961-1.00087 1.42540 1.09040 0.71250 0.58303
   0.4923 0.29027 0.11058 0.03128 0.00719
 295.0000 1.21942-0.63175 0.55132-1.00044 1.42404 1.09644 0.72023 0.58014
   0.4980 0.30543 0.12078 0.03510 0.00826
 300.0000 1.19605-0.65048 0.54249-1.00082 1.42346 1.10120 0.72880 0.57736
   0.5025 0.32008 0.13143 0.03925 0.00945
