RELATIVISTIC PHASE SHIFTS FOR OXYGEN O        
   20.0000   5.0000   57   12
  20.0000 0.64331-1.49827-0.89007 1.30222-0.02143-0.00726 0.00381 0.00002
   0.0000 0.00000 0.00000 0.00000 0.00000
  25.0000 0.43574 1.40563-1.11969-1.32783-0.03834-0.01734-0.42689 0.00010
   0.0000 0.00000 0.00000 0.00000 0.00000
  30.0000 0.28712 1.20664-1.33235-1.25846-0.05534-0.03346-0.03488 0.00037
   0.0000 0.00000-0.00000-0.00000-0.00000
  35.0000 0.19107 1.04388-1.52950-1.30720-0.06634-0.05586-0.04002 0.00118
   0.0000 0.00000 0.00000 0.00000 0.00000
  40.0000 0.13860 0.91694 1.42908-1.39673-0.06353-0.08406-0.05293 0.00326
   0.0001 0.00000 0.00000 0.00000 0.00000
  45.0000 0.11496 0.82638 1.25914-1.50320-0.03742-0.11702-0.07082 0.00825
   0.0002 0.00001 0.00000-0.00000-0.00000
  50.0000 0.10147 0.77211 1.10149 1.52460 0.02252-0.15344-0.09309 0.02004
   0.0006 0.00002 0.00000-0.00000-0.00000
  55.0000 0.08185 0.75112 0.95561 1.40810 0.12447-0.19181-0.11934 0.04923
   0.0012 0.00005 0.00000 0.00000 0.00000
  60.0000 0.04708 0.75528 0.82124 1.29134 0.26588-0.23059-0.14919 0.13591
   0.0024 0.00011 0.00001 0.00000-0.00000
  65.0000-0.00481 0.77148 0.69835 1.17580 0.42502-0.26817-0.18216 0.60880
   0.0045 0.00023 0.00001 0.00000-0.00000
  70.0000-0.07179 0.78554 0.58712 1.06235 0.56845-0.30290-0.21775-0.67997
   0.0081 0.00043 0.00002 0.00000 0.00000
  75.0000-0.15047 0.78711 0.48793 0.95162 0.67276-0.33304-0.25543-0.39439
   0.0143 0.00077 0.00005 0.00000 0.00000
  80.0000-0.23752 0.77170 0.40130 0.84403 0.73353-0.35675-0.29467-0.33804
   0.0246 0.00134 0.00008 0.00000 0.00000
  85.0000-0.33014 0.73950 0.32783 0.73991 0.75750-0.37207-0.33491-0.32830
   0.0419 0.00223 0.00015 0.00001 0.00000
  90.0000-0.42616 0.69303 0.26812 0.63953 0.75381-0.37695-0.37564-0.33642
   0.0711 0.00361 0.00025 0.00002 0.00000
  95.0000-0.52392 0.63545 0.22255 0.54315 0.73030-0.36939-0.41631-0.35374
   0.1223 0.00569 0.00041 0.00003 0.00000
 100.0000-0.62217 0.56973 0.19105 0.45101 0.69283-0.34775-0.45639-0.37667
   0.2179 0.00878 0.00065 0.00005 0.00000
 105.0000-0.71995 0.49837 0.17281 0.36336 0.64559-0.31124-0.49536-0.40340
   0.4149 0.01330 0.00101 0.00008 0.00001
 110.0000-0.81655 0.42339 0.16600 0.28048 0.59156-0.26067-0.53266-0.43283
   0.8595 0.01981 0.00154 0.00012 0.00001
 115.0000-0.91139 0.34634 0.16769 0.20267 0.53289-0.19903-0.56772-0.46423
  -1.5481 0.02915 0.00229 0.00019 0.00001
 120.0000-1.00400 0.26849 0.17414 0.13025 0.47113-0.13153-0.59996-0.49707
  -1.0489 0.04248 0.00335 0.00028 0.00002
 125.0000-1.09399 0.19081 0.18135 0.06358 0.40746-0.06469-0.62876-0.53091
  -0.8303 0.06149 0.00482 0.00042 0.00003
 130.0000-1.18102 0.11413 0.18571 0.00304 0.34276-0.00470-0.65344-0.56539
  -0.7314 0.08872 0.00682 0.00062 0.00005
 135.0000-1.26479 0.03912 0.18457-0.05097 0.27774 0.04399-0.67332-0.60019
  -0.6851 0.12810 0.00954 0.00089 0.00008
 140.0000-1.34500-0.03361 0.17641-0.09807 0.21295 0.07923-0.68768-0.63501
  -0.6655 0.18588 0.01318 0.00126 0.00011
 145.0000-1.42136-0.10353 0.16071-0.13791 0.14885 0.10079-0.69582-0.66958
  -0.6613 0.27226 0.01801 0.00176 0.00016
 150.0000-1.49360-0.17013 0.13771-0.17023 0.08584 0.10969-0.69708-0.70360
  -0.6668 0.40384 0.02439 0.00242 0.00023
 155.0000-1.56141-0.23290 0.10807-0.19495 0.02427 0.10755-0.69094-0.73683
  -0.6787 0.60471 0.03276 0.00330 0.00033
 160.0000 1.51708-0.29137 0.07269-0.21217-0.03554 0.09613-0.67710-0.76899
  -0.6951 0.89479 0.04371 0.00445 0.00046
 165.0000 1.45899-0.34501 0.03254-0.22235-0.09332 0.07707-0.65564-0.79981
  -0.7149 1.24699 0.05798 0.00593 0.00063
 170.0000 1.40619-0.39332-0.01147-0.22626-0.14877 0.05185-0.62715-0.82899
  -0.7370-1.56947 0.07657 0.00784 0.00085
 175.0000 1.35895-0.43580-0.05850-0.22510-0.20163 0.02173-0.59279-0.85626
  -0.7609-1.33185 0.10080 0.01027 0.00114
 180.0000 1.31748-0.47192-0.10777-0.22035-0.25162-0.01224-0.55430-0.88131
  -0.7862-1.17641 0.13245 0.01334 0.00151
 185.0000 1.28195-0.50124-0.15864-0.21371-0.29848-0.04918-0.51391-0.90382
  -0.8123-1.07785 0.17390 0.01720 0.00199
 190.0000 1.25241-0.52338-0.21053-0.20692-0.34193-0.08837-0.47399-0.92345
  -0.8391-1.01596 0.22837 0.02203 0.00259
 195.0000 1.22875-0.53813-0.26293-0.20156-0.38172-0.12918-0.43680-0.93989
  -0.8662-0.97793 0.30012 0.02805 0.00335
 200.0000 1.21072-0.54550-0.31539-0.19894-0.41759-0.17112-0.40419-0.95278
  -0.8935-0.95593 0.39450 0.03551 0.00431
 205.0000 1.19782-0.54581-0.36753-0.19997-0.44931-0.21373-0.37744-0.96181
  -0.9206-0.94509 0.51736 0.04474 0.00549
 210.0000 1.18935-0.53976-0.41898-0.20522-0.47666-0.25663-0.35726-0.96667
  -0.9475-0.94226 0.67296 0.05612 0.00695
 215.0000 1.18441-0.52847-0.46943-0.21488-0.49950-0.29949-0.34380-0.96711
  -0.9738-0.94534 0.85951 0.07012 0.00874
 220.0000 1.18193-0.51341-0.51858-0.22891-0.51774-0.34203-0.33688-0.96296
  -0.9995-0.95289 1.06450 0.08732 0.01093
 225.0000 1.18075-0.49631-0.56615-0.24707-0.53139-0.38396-0.33604-0.95415
  -1.0244-0.96386 1.26638 0.10845 0.01359
 230.0000 1.17973-0.47896-0.61187-0.26898-0.54058-0.42504-0.34069-0.94078
  -1.0482-0.97747 1.44495 0.13435 0.01681
 235.0000 1.17784-0.46303-0.65551-0.29424-0.54559-0.46504-0.35021-0.92313
  -1.0708-0.99316-1.55124 0.16612 0.02068
 240.0000 1.17421-0.44988-0.69681-0.32238-0.54686-0.50375-0.36395-0.90169
  -1.0920-1.01045-1.43894 0.20503 0.02534
 245.0000 1.16818-0.44050-0.73554-0.35297-0.54498-0.54096-0.38130-0.87717
  -1.1117-1.02899-1.35482 0.25263 0.03091
 250.0000 1.15932-0.43547-0.77147-0.38557-0.54068-0.57646-0.40170-0.85049
  -1.1296-1.04847-1.29300 0.31068 0.03756
 255.0000 1.14740-0.43500-0.80441-0.41978-0.53479-0.61007-0.42465-0.82269
  -1.1455-1.06864-1.24835 0.38106 0.04546
 260.0000 1.13239-0.43901-0.83417-0.45523-0.52819-0.64159-0.44968-0.79488
  -1.1593-1.08927-1.21685 0.46549 0.05485
 265.0000 1.11436-0.44723-0.86057-0.49158-0.52176-0.67085-0.47641-0.76815
  -1.1708-1.11019-1.19546 0.56508 0.06597
 270.0000 1.09352-0.45923-0.88350-0.52852-0.51628-0.69767-0.50445-0.74346
  -1.1797-1.13122-1.18191 0.67951 0.07911
 275.0000 1.07012-0.47454-0.90287-0.56576-0.51246-0.72190-0.53350-0.72159
  -1.1859-1.15219-1.17454 0.80624 0.09462
 280.0000 1.04446-0.49264-0.91867-0.60304-0.51080-0.74339-0.56327-0.70314
  -1.1894-1.17297-1.17206 0.94017 0.11290
 285.0000 1.01684-0.51304-0.93096-0.64012-0.51169-0.76202-0.59349-0.68845
  -1.1898-1.19341-1.17349 1.07433 0.13440
 290.0000 0.98758-0.53523-0.93987-0.67677-0.51535-0.77771-0.62393-0.67770
  -1.1873-1.21339-1.17810 1.20158 0.15966
 295.0000 0.95699-0.55875-0.94564-0.71279-0.52185-0.79041-0.65438-0.67087
  -1.1817-1.23277-1.18528 1.31647 0.18928
 300.0000 0.92536-0.58316-0.94861-0.74796-0.53117-0.80013-0.68465-0.66785
  -1.1730-1.25143-1.19457 1.41606 0.22392
RELATIVISTIC PHASE SHIFTS FOR ZINC Zn         
   20.0000   5.0000   57   12
  20.0000-1.55559-0.83552 1.22035 0.01078 0.00025 0.00000 0.00000 0.00000
   0.0000 0.00000 0.00000 0.00000 0.00000
  25.0000 1.45337-0.97546-1.42914 0.02307 0.00066 0.00002 0.00000 0.00000
   0.0000 0.00000 0.00000 0.00000 0.00000
  30.0000 1.34980-1.09738-1.25994 0.04305 0.00143 0.00004 0.00000-0.00000
  -0.0000-0.00000-0.00000-0.00000-0.00000
  35.0000 1.27067-1.20435-1.21365 0.07316 0.00274 0.00009 0.00000 0.00000
   0.0000 0.00000 0.00000 0.00000 0.00000
  40.0000 1.21301-1.29841-1.21594 0.11612 0.00480 0.00018 0.00001 0.00000
   0.0000 0.00000 0.00000 0.00000 0.00000
  45.0000 1.17446-1.38085-1.24034 0.17478 0.00783 0.00033 0.00001 0.00000
  -0.0000-0.00000-0.00000-0.00000-0.00000
  50.0000 1.15278-1.45252-1.27569 0.25158 0.01208 0.00057 0.00002 0.00000
   0.0000 0.00000 0.00000 0.00000 0.00000
  55.0000 1.14539-1.51389-1.31661 0.34761 0.01786 0.00092 0.00004 0.00000
  -0.0000-0.00000-0.00000-0.00000-0.00000
  60.0000 1.14921-1.56518-1.36020 0.46124 0.02545 0.00142 0.00006 0.00000
  -0.0000-0.00000-0.00000-0.00000-0.00000
  65.0000 1.16073 1.53520-1.40476 0.58697 0.03519 0.00211 0.00010 0.00000
   0.0000 0.00000-0.00000-0.00000-0.00000
  70.0000 1.17631 1.50418-1.44925 0.71587 0.04742 0.00303 0.00016 0.00001
   0.0000-0.00000-0.00000-0.00000-0.00000
  75.0000 1.19253 1.48356-1.49295 0.83799 0.06251 0.00425 0.00024 0.00001
   0.0000-0.00000-0.00000-0.00000-0.00000
  80.0000 1.20663 1.47351-1.53535 0.94558 0.08081 0.00581 0.00035 0.00002
   0.0000 0.00000 0.00000 0.00000 0.00000
  85.0000 1.21669 1.47408 1.56552 1.03470 0.10267 0.00778 0.00050 0.00002
   0.0000-0.00000-0.00000-0.00000-0.00000
  90.0000 1.22161 1.48503 1.52683 1.10490 0.12842 0.01022 0.00069 0.00004
   0.0000 0.00000-0.00000-0.00000-0.00000
  95.0000 1.22101 1.50570 1.49047 1.15781 0.15832 0.01321 0.00094 0.00005
   0.0000-0.00000-0.00000-0.00000-0.00000
 100.0000 1.21497 1.53488 1.45672 1.19594 0.19255 0.01682 0.00126 0.00008
   0.0000 0.00000-0.00000-0.00000-0.00000
 105.0000 1.20390 1.57077 1.42590 1.22186 0.23116 0.02113 0.00166 0.00010
   0.0000 0.00000 0.00000 0.00000 0.00000
 110.0000 1.18835-1.53056 1.39835 1.23790 0.27403 0.02623 0.00216 0.00014
   0.0000 0.00000-0.00000-0.00000-0.00000
 115.0000 1.16893-1.48849 1.37443 1.24598 0.32081 0.03220 0.00277 0.00019
   0.0000 0.00000-0.00000-0.00000-0.00000
 120.0000 1.14624-1.44717 1.35460 1.24771 0.37095 0.03912 0.00351 0.00025
   0.0000 0.00000 0.00000-0.00000-0.00000
 125.0000 1.12082-1.40880 1.33935 1.24433 0.42364 0.04710 0.00439 0.00033
   0.0000 0.00000 0.00000 0.00000 0.00000
 130.0000 1.09318-1.37503 1.32927 1.23687 0.47790 0.05621 0.00544 0.00043
   0.0000 0.00000 0.00000 0.00000 0.00000
 135.0000 1.06373-1.34686 1.32505 1.22613 0.53258 0.06655 0.00669 0.00055
   0.0000 0.00000 0.00000 0.00000 0.00000
 140.0000 1.03286-1.32474 1.32749 1.21276 0.58652 0.07820 0.00814 0.00069
   0.0000 0.00000 0.00000-0.00000-0.00000
 145.0000 1.00089-1.30865 1.33747 1.19728 0.63861 0.09124 0.00982 0.00087
   0.0001 0.00000 0.00000-0.00000-0.00000
 150.0000 0.96808-1.29830 1.35598 1.18011 0.68788 0.10573 0.01177 0.00108
   0.0001 0.00000 0.00000 0.00000 0.00000
 155.0000 0.93466-1.29319 1.38401 1.16160 0.73358 0.12175 0.01400 0.00133
   0.0001 0.00001 0.00000 0.00000 0.00000
 160.0000 0.90083-1.29277 1.42248 1.14203 0.77517 0.13932 0.01655 0.00162
   0.0001 0.00001 0.00000 0.00000-0.00000
 165.0000 0.86676-1.29643 1.47204 1.12166 0.81236 0.15848 0.01944 0.00196
   0.0002 0.00001 0.00000-0.00000-0.00000
 170.0000 0.83258-1.30362 1.53280 1.10066 0.84503 0.17923 0.02270 0.00237
   0.0002 0.00001 0.00000 0.00000 0.00000
 175.0000 0.79842-1.31383-1.53757 1.07922 0.87325 0.20155 0.02636 0.00283
   0.0002 0.00002 0.00000-0.00000-0.00000
 180.0000 0.76437-1.32657-1.45770 1.05748 0.89717 0.22538 0.03045 0.00337
   0.0003 0.00002 0.00000 0.00000 0.00000
 185.0000 0.73052-1.34143-1.37215 1.03556 0.91704 0.25064 0.03500 0.00398
   0.0004 0.00003 0.00000-0.00000-0.00000
 190.0000 0.69695-1.35806-1.28469 1.01357 0.93315 0.27720 0.04004 0.00469
   0.0004 0.00003 0.00000-0.00000-0.00000
 195.0000 0.66371-1.37614-1.19932 0.99161 0.94581 0.30491 0.04561 0.00548
   0.0005 0.00004 0.00000 0.00000 0.00000
 200.0000 0.63087-1.39540-1.11949 0.96976 0.95533 0.33358 0.05173 0.00639
   0.0006 0.00005 0.00000 0.00000-0.00000
 205.0000 0.59848-1.41560-1.04766 0.94809 0.96201 0.36299 0.05843 0.00740
   0.0008 0.00006 0.00000 0.00000-0.00000
 210.0000 0.56656-1.43653-0.98513 0.92667 0.96614 0.39289 0.06573 0.00854
   0.0009 0.00008 0.00001 0.00000-0.00000
 215.0000 0.53516-1.45803-0.93221 0.90556 0.96799 0.42302 0.07368 0.00982
   0.0011 0.00009 0.00001 0.00000-0.00000
 220.0000 0.50432-1.47993-0.88848 0.88482 0.96780 0.45311 0.08229 0.01124
   0.0013 0.00011 0.00001 0.00000 0.00000
 225.0000 0.47405-1.50211-0.85316 0.86450 0.96580 0.48288 0.09157 0.01281
   0.0015 0.00014 0.00001 0.00000 0.00000
 230.0000 0.44437-1.52445-0.82525 0.84465 0.96219 0.51208 0.10156 0.01455
   0.0017 0.00016 0.00001 0.00000 0.00000
 235.0000 0.41532-1.54685-0.80375 0.82531 0.95715 0.54045 0.11227 0.01648
   0.0020 0.00019 0.00002 0.00000-0.00000
 240.0000 0.38691-1.56922-0.78771 0.80653 0.95085 0.56777 0.12370 0.01859
   0.0023 0.00023 0.00002 0.00000 0.00000
 245.0000 0.35915 1.55011-0.77626 0.78834 0.94344 0.59385 0.13586 0.02091
   0.0026 0.00027 0.00002 0.00000 0.00000
 250.0000 0.33206 1.52801-0.76867 0.77079 0.93506 0.61853 0.14875 0.02344
   0.0030 0.00031 0.00003 0.00000 0.00000
 255.0000 0.30564 1.50616-0.76427 0.75392 0.92582 0.64169 0.16236 0.02620
   0.0034 0.00036 0.00003 0.00000 0.00000
 260.0000 0.27992 1.48459-0.76252 0.73777 0.91583 0.66323 0.17668 0.02920
   0.0039 0.00042 0.00004 0.00000 0.00000
 265.0000 0.25489 1.46335-0.76295 0.72236 0.90518 0.68308 0.19169 0.03246
   0.0044 0.00049 0.00004 0.00000 0.00000
 270.0000 0.23056 1.44249-0.76516 0.70774 0.89398 0.70123 0.20736 0.03599
   0.0050 0.00057 0.00005 0.00000 0.00000
 275.0000 0.20694 1.42204-0.76881 0.69394 0.88229 0.71767 0.22365 0.03979
   0.0057 0.00065 0.00006 0.00000 0.00000
 280.0000 0.18403 1.40204-0.77360 0.68100 0.87019 0.73240 0.24052 0.04389
   0.0064 0.00075 0.00007 0.00001 0.00000
 285.0000 0.16183 1.38251-0.77930 0.66894 0.85774 0.74548 0.25790 0.04829
   0.0071 0.00086 0.00008 0.00001 0.00000
 290.0000 0.14035 1.36348-0.78570 0.65781 0.84501 0.75694 0.27575 0.05300
   0.0080 0.00098 0.00010 0.00001 0.00000
 295.0000 0.11958 1.34498-0.79260 0.64762 0.83205 0.76684 0.29398 0.05805
   0.0089 0.00112 0.00011 0.00001 0.00000
 300.0000 0.09952 1.32701-0.79986 0.63843 0.81890 0.77526 0.31253 0.06343
   0.0099 0.00127 0.00013 0.00001 0.00000
