RELATIVISTIC PHASE SHIFTS FOR OXYGEN O1       
   20.0000   5.0000   57   12
  20.0000 0.08956 1.01673-0.46556-0.22158-0.10858 0.00097-0.00018-0.00004
   0.0000-0.00000-0.00000-0.00000-0.00000
  25.0000-0.22583 0.77148-0.58557-0.33967-0.17427 0.00409-0.00057-0.00014
   0.0000 0.00000 0.00000 0.00000 0.00000
  30.0000-0.50499 0.54343-0.67679-0.46488-0.25164 0.01314-0.00143-0.00040
   0.0000 0.00000 0.00000 0.00000 0.00000
  35.0000-0.75693 0.33011-0.73318-0.59191-0.33747 0.03570-0.00297-0.00094
   0.0001 0.00000 0.00000 0.00000 0.00000
  40.0000-0.98735 0.12954-0.75139-0.71742-0.42911 0.08798-0.00533-0.00193
   0.0004 0.00000 0.00000-0.00000-0.00000
  45.0000-1.20008-0.05981-0.73397-0.83924-0.52448 0.20779-0.00858-0.00354
   0.0014 0.00001 0.00000-0.00000-0.00000
  50.0000-1.39783-0.23915-0.69269-0.95589-0.62202 0.48849-0.01257-0.00600
   0.0056 0.00004 0.00000-0.00000-0.00000
  55.0000 1.55905-0.40945-0.64680-1.06621-0.72054 1.05697-0.01692-0.00949
   0.1155 0.00009 0.00000 0.00000-0.00000
  60.0000 1.38592-0.57144-0.61461-1.16924-0.81915-1.51242-0.02100-0.01420
  -0.0252 0.00019 0.00001 0.00000-0.00000
  65.0000 1.22331-0.72574-0.60600-1.26408-0.91714-1.23557-0.02383-0.02026
  -0.0206 0.00041 0.00001 0.00000 0.00000
  70.0000 1.07042-0.87280-0.62221-1.34978-1.01399-1.13083-0.02405-0.02776
  -0.0221 0.00082 0.00003 0.00000-0.00000
  75.0000 0.92668-1.01300-0.65976-1.42536-1.10926-1.10261-0.01983-0.03671
  -0.0257 0.00160 0.00006 0.00000-0.00000
  80.0000 0.79168-1.14659-0.71387-1.48978-1.20261-1.11201-0.00869-0.04706
  -0.0309 0.00301 0.00010 0.00000 0.00000
  85.0000 0.66519-1.27375-0.78014-1.54199-1.29372-1.14218 0.01261-0.05871
  -0.0374 0.00561 0.00019 0.00001 0.00000
  90.0000 0.54708-1.39458-0.85504 1.56052-1.38234-1.18487 0.04834-0.07146
  -0.0452 0.01041 0.00032 0.00002 0.00000
  95.0000 0.43736-1.50911-0.93587 1.53516-1.46820-1.23553 0.10388-0.08507
  -0.0542 0.01966 0.00055 0.00003 0.00000
 100.0000 0.33613 1.52432-1.02064 1.52343-1.55106-1.29149 0.18535-0.09923
  -0.0646 0.03907 0.00090 0.00005 0.00000
 105.0000 0.24359 1.42265-1.10786 1.52426 1.51092-1.35099 0.29795-0.11357
  -0.0762 0.08827 0.00145 0.00008 0.00000
 110.0000 0.16001 1.32768-1.19642 1.53527 1.43481-1.41286 0.44206-0.12765
  -0.0891 0.30191 0.00229 0.00013 0.00001
 115.0000 0.08572 1.23971-1.28549 1.55286 1.36248-1.47626 0.60809-0.14098
  -0.1031-0.64656 0.00355 0.00020 0.00001
 120.0000 0.02102 1.15910-1.37444-1.56894 1.29424-1.54058 0.77606-0.15298
  -0.1182-0.25738 0.00543 0.00031 0.00002
 125.0000-0.03383 1.08631-1.46277-1.55129 1.23041 1.53626 0.92444-0.16301
  -0.1344-0.19481 0.00823 0.00048 0.00003
 130.0000-0.07872 1.02186-1.55010-1.53931 1.17135 1.47146 1.04073-0.17032
  -0.1514-0.17574 0.01237 0.00071 0.00005
 135.0000-0.11381 0.96630 1.50548-1.53528 1.11743 1.40692 1.12319-0.17407
  -0.1691-0.17118 0.01853 0.00104 0.00007
 140.0000-0.13963 0.92019 1.42105-1.54018 1.06907 1.34291 1.17616-0.17329
  -0.1875-0.17356 0.02776 0.00150 0.00011
 145.0000-0.15719 0.88400 1.33842-1.55401 1.02667 1.27965 1.20564-0.16691
  -0.2064-0.18003 0.04187 0.00214 0.00016
 150.0000-0.16800 0.85803 1.25780 1.56548 0.99064 1.21735 1.21707-0.15371
  -0.2255-0.18926 0.06405 0.00302 0.00023
 155.0000-0.17405 0.84224 1.17936 1.53608 0.96132 1.15620 1.21483-0.13245
  -0.2447-0.20055 0.10067 0.00421 0.00033
 160.0000-0.17756 0.83607 1.10327 1.50047 0.93895 1.09638 1.20223-0.10187
  -0.2639-0.21344 0.16597 0.00583 0.00046
 165.0000-0.18078 0.83838 1.02972 1.45970 0.92363 1.03807 1.18175-0.06094
  -0.2827-0.22767 0.29886 0.00800 0.00063
 170.0000-0.18573 0.84731 0.95885 1.41473 0.91522 0.98142 1.15522-0.00911
  -0.3009-0.24301 0.63497 0.01091 0.00087
 175.0000-0.19397 0.86047 0.89085 1.36641 0.91325 0.92662 1.12405 0.05333
  -0.3184-0.25931 1.51952 0.01478 0.00118
 180.0000-0.20652 0.87517 0.82589 1.31549 0.91692 0.87383 1.08931 0.12484
  -0.3348-0.27641-0.86883 0.01995 0.00159
 185.0000-0.22392 0.88878 0.76416 1.26259 0.92506 0.82324 1.05183 0.20251
  -0.3499-0.29420-0.60248 0.02685 0.00213
 190.0000-0.24626 0.89910 0.70584 1.20825 0.93618 0.77505 1.01226 0.28228
  -0.3632-0.31256-0.49383 0.03608 0.00282
 195.0000-0.27336 0.90456 0.65114 1.15291 0.94863 0.72943 0.97112 0.35966
  -0.3746-0.33137-0.44148 0.04851 0.00371
 200.0000-0.30481 0.90428 0.60026 1.09698 0.96073 0.68660 0.92884 0.43056
  -0.3836-0.35053-0.41478 0.06542 0.00484
 205.0000-0.34012 0.89797 0.55339 1.04078 0.97095 0.64676 0.88577 0.49208
  -0.3898-0.36993-0.40190 0.08870 0.00628
 210.0000-0.37876 0.88579 0.51073 0.98461 0.97806 0.61014 0.84221 0.54265
  -0.3928-0.38945-0.39739 0.12138 0.00811
 215.0000-0.42018 0.86822 0.47245 0.92873 0.98118 0.57695 0.79843 0.58194
  -0.3921-0.40900-0.39838 0.16845 0.01041
 220.0000-0.46388 0.84588 0.43868 0.87336 0.97979 0.54740 0.75462 0.61045
  -0.3873-0.42844-0.40323 0.23860 0.01330
 225.0000-0.50937 0.81946 0.40951 0.81871 0.97371 0.52167 0.71101 0.62918
  -0.3780-0.44767-0.41092 0.34785 0.01692
 230.0000-0.55624 0.78965 0.38497 0.76498 0.96300 0.49995 0.66776 0.63930
  -0.3636-0.46657-0.42077 0.52635 0.02146
 235.0000-0.60407 0.75712 0.36497 0.71233 0.94788 0.48235 0.62504 0.64199
  -0.3439-0.48499-0.43231 0.82356 0.02713
 240.0000-0.65254 0.72249 0.34932 0.66094 0.92872 0.46893 0.58301 0.63837
  -0.3186-0.50282-0.44521 1.26296 0.03423
 245.0000-0.70131 0.68633 0.33769 0.61097 0.90592 0.45967 0.54180 0.62942
  -0.2878-0.51991-0.45920-1.42495 0.04312
 250.0000-0.75010 0.64913 0.32962 0.56256 0.87991 0.45443 0.50156 0.61600
  -0.2516-0.53611-0.47408-1.10681 0.05427
 255.0000-0.79866 0.61137 0.32452 0.51588 0.85112 0.45296 0.46243 0.59886
  -0.2108-0.55126-0.48969-0.91619 0.06832
 260.0000-0.84674 0.57347 0.32167 0.47106 0.81995 0.45487 0.42453 0.57862
  -0.1663-0.56520-0.50587-0.80206 0.08609
 265.0000-0.89413 0.53582 0.32029 0.42826 0.78679 0.45962 0.38802 0.55581
  -0.1194-0.57775-0.52252-0.73136 0.10872
 270.0000-0.94061 0.49878 0.31955 0.38761 0.75198 0.46657 0.35301 0.53089
  -0.0715-0.58872-0.53951-0.68646 0.13777
 275.0000-0.98599 0.46269 0.31867 0.34927 0.71584 0.47496 0.31965 0.50424
  -0.0244-0.59791-0.55675-0.65783 0.17544
 280.0000-1.03009 0.42788 0.31692 0.31336 0.67867 0.48400 0.28807 0.47621
   0.0205-0.60512-0.57414-0.64003 0.22489
 285.0000-1.07273 0.39465 0.31370 0.28000 0.64071 0.49290 0.25841 0.44706
   0.0619-0.61013-0.59160-0.62981 0.29066
 290.0000-1.11373 0.36330 0.30853 0.24933 0.60221 0.50090 0.23081 0.41706
   0.0987-0.61273-0.60903-0.62508 0.37931
 295.0000-1.15293 0.33413 0.30107 0.22142 0.56339 0.50738 0.20539 0.38643
   0.1303-0.61269-0.62635-0.62447 0.49988
 300.0000-1.19017 0.30742 0.29114 0.19637 0.52443 0.51179 0.18228 0.35536
   0.1564-0.60981-0.64347-0.62703 0.66320
RELATIVISTIC PHASE SHIFTS FOR OXYGEN O2       
   20.0000   5.0000   57   12
  20.0000 0.14189 1.34153-0.06923-0.19291-0.07416 0.00258-0.00014-0.00003
   0.0000-0.00000-0.00000-0.00000-0.00000
  25.0000-0.17585 1.05426 0.04545-0.29807-0.13245 0.00995-0.00045-0.00012
   0.0000 0.00000 0.00000 0.00000 0.00000
  30.0000-0.45713 0.79626 0.19802-0.40954-0.20395 0.03148-0.00109-0.00034
   0.0000 0.00000 0.00000 0.00000 0.00000
  35.0000-0.71087 0.56099 0.31568-0.52175-0.28516 0.09096-0.00220-0.00080
   0.0001 0.00000 0.00000 0.00000 0.00000
  40.0000-0.94274 0.34417 0.36355-0.63085-0.37304 0.26762-0.00378-0.00165
   0.0005 0.00000 0.00000-0.00000-0.00000
  45.0000-1.15658 0.14279 0.35078-0.73405-0.46520 0.88611-0.00572-0.00307
   0.0022 0.00001 0.00000-0.00000-0.00000
  50.0000-1.35511-0.04527 0.29715-0.82912-0.55981-1.25340-0.00764-0.00523
   0.0219 0.00004 0.00000-0.00000-0.00000
  55.0000-1.54029-0.22160 0.21823-0.91405-0.65546-0.90696-0.00883-0.00831
  -0.0170 0.00009 0.00000 0.00000-0.00000
  60.0000 1.42802-0.38734 0.12413-0.98690-0.75112-0.81897-0.00820-0.01248
  -0.0130 0.00021 0.00001 0.00000-0.00000
  65.0000 1.26554-0.54338 0.02112-1.04571-0.84595-0.81008-0.00409-0.01784
  -0.0142 0.00044 0.00001 0.00000 0.00000
  70.0000 1.11309-0.69036-0.08687-1.08865-0.93932-0.83430 0.00584-0.02445
  -0.0170 0.00090 0.00003 0.00000-0.00000
  75.0000 0.97007-0.82870-0.19732-1.11419-1.03068-0.87554 0.02497-0.03229
  -0.0210 0.00176 0.00006 0.00000-0.00000
  80.0000 0.83611-0.95872-0.30861-1.12171-1.11959-0.92670 0.05812-0.04130
  -0.0262 0.00338 0.00011 0.00000 0.00000
  85.0000 0.71095-1.08057-0.41963-1.11222-1.20564-0.98410 0.11207-0.05131
  -0.0324 0.00642 0.00019 0.00001 0.00000
  90.0000 0.59450-1.19427-0.52965-1.08900-1.28844-1.04557 0.19597-0.06208
  -0.0398 0.01229 0.00034 0.00002 0.00000
  95.0000 0.48674-1.29974-0.63814-1.05765-1.36761-1.10972 0.32045-0.07332
  -0.0484 0.02440 0.00057 0.00003 0.00000
 100.0000 0.38779-1.39679-0.74472-1.02514-1.44276-1.17560 0.49248-0.08463
  -0.0582 0.05330 0.00095 0.00005 0.00000
 105.0000 0.29782-1.48514-0.84913-0.99806-1.51350-1.24252 0.70381-0.09554
  -0.0692 0.15399 0.00153 0.00008 0.00000
 110.0000 0.21707-1.56443-0.95114-0.98110 1.56222-1.30996 0.92323-0.10549
  -0.0813-1.26249 0.00242 0.00013 0.00001
 115.0000 0.14578 1.50734-1.05059-0.97656 1.50168-1.37750 1.11283-0.11382
  -0.0945-0.24821 0.00377 0.00021 0.00001
 120.0000 0.08414 1.44740-1.14733-0.98467 1.44699-1.44481 1.25347-0.11975
  -0.1087-0.17118 0.00579 0.00032 0.00002
 125.0000 0.03222 1.39768-1.24123-1.00443 1.39870-1.51160 1.34666-0.12238
  -0.1239-0.15036 0.00883 0.00049 0.00003
 130.0000-0.01011 1.35834-1.33216-1.03425 1.35735 1.56396 1.40224-0.12064
  -0.1397-0.14528 0.01337 0.00073 0.00005
 135.0000-0.04331 1.32922-1.42001-1.07239 1.32349 1.49892 1.43021-0.11329
  -0.1563-0.14719 0.02021 0.00107 0.00007
 140.0000-0.06825 1.30974-1.50463-1.11724 1.29757 1.43507 1.43832-0.09889
  -0.1733-0.15306 0.03066 0.00156 0.00011
 145.0000-0.08626 1.29873 1.55570-1.16737 1.27992 1.37260 1.43209-0.07585
  -0.1906-0.16158 0.04701 0.00222 0.00016
 150.0000-0.09907 1.29443 1.47795-1.22160 1.27058 1.31171 1.41540-0.04247
  -0.2079-0.17206 0.07363 0.00314 0.00023
 155.0000-0.10872 1.29458 1.40388-1.27892 1.26924 1.25258 1.39098 0.00285
  -0.2252-0.18409 0.11994 0.00439 0.00033
 160.0000-0.11731 1.29664 1.33368-1.33853 1.27509 1.19540 1.36078 0.06128
  -0.2421-0.19740 0.21002 0.00609 0.00047
 165.0000-0.12679 1.29815 1.26754-1.39974 1.28681 1.14037 1.32622 0.13299
  -0.2584-0.21180 0.42416 0.00838 0.00065
 170.0000-0.13877 1.29699 1.20568-1.46202 1.30258 1.08768 1.28837 0.21655
  -0.2739-0.22713 1.09439 0.01145 0.00090
 175.0000-0.15439 1.29160 1.14833-1.52489 1.32026 1.03755 1.24805 0.30850
  -0.2881-0.24326-1.00001 0.01557 0.00122
 180.0000-0.17433 1.28105 1.09571 1.55362 1.33761 0.99022 1.20588 0.40351
  -0.3008-0.26008-0.61258 0.02109 0.00164
 185.0000-0.19884 1.26495 1.04806 1.49065 1.35260 0.94591 1.16237 0.49547
  -0.3116-0.27746-0.47611 0.02851 0.00219
 190.0000-0.22788 1.24338 1.00559 1.42808 1.36361 0.90487 1.11793 0.57894
  -0.3201-0.29530-0.41506 0.03851 0.00291
 195.0000-0.26117 1.21668 0.96845 1.36615 1.36954 0.86736 1.07290 0.65022
  -0.3259-0.31349-0.38492 0.05211 0.00383
 200.0000-0.29831 1.18536 0.93677 1.30508 1.36980 0.83365 1.02755 0.70769
  -0.3285-0.33192-0.37039 0.07082 0.00501
 205.0000-0.33883 1.15002 0.91056 1.24507 1.36425 0.80399 0.98214 0.75135
  -0.3273-0.35048-0.36493 0.09699 0.00650
 210.0000-0.38225 1.11128 0.88970 1.18631 1.35307 0.77863 0.93688 0.78226
  -0.3219-0.36904-0.36526 0.13446 0.00840
 215.0000-0.42808 1.06972 0.87393 1.12897 1.33667 0.75777 0.89196 0.80194
  -0.3116-0.38750-0.36958 0.18986 0.01080
 220.0000-0.47589 1.02589 0.86279 1.07322 1.31555 0.74159 0.84757 0.81200
  -0.2959-0.40572-0.37679 0.27538 0.01382
 225.0000-0.52526 0.98029 0.85564 1.01921 1.29027 0.73016 0.80386 0.81397
  -0.2743-0.42358-0.38618 0.41483 0.01761
 230.0000-0.57582 0.93337 0.85167 0.96712 1.26139 0.72344 0.76099 0.80920
  -0.2466-0.44093-0.39727 0.65440 0.02238
 235.0000-0.62724 0.88553 0.84992 0.91709 1.22945 0.72128 0.71911 0.79887
  -0.2124-0.45763-0.40972 1.05562 0.02836
 240.0000-0.67921 0.83713 0.84934 0.86930 1.19494 0.72333 0.67838 0.78393
  -0.1721-0.47352-0.42325 1.56558 0.03586
 245.0000-0.73146 0.78849 0.84892 0.82390 1.15831 0.72908 0.63893 0.76521
  -0.1262-0.48844-0.43767-1.17318 0.04530
 250.0000-0.78376 0.73991 0.84768 0.78104 1.11997 0.73782 0.60091 0.74338
  -0.0757-0.50222-0.45280-0.93352 0.05720
 255.0000-0.83588 0.69164 0.84482 0.74090 1.08026 0.74872 0.56447 0.71901
  -0.0222-0.51466-0.46851-0.79579 0.07228
 260.0000-0.88761 0.64394 0.83969 0.70362 1.03952 0.76081 0.52976 0.69257
   0.0325-0.52556-0.48468-0.71338 0.09148
 265.0000-0.93879 0.59703 0.83184 0.66934 0.99803 0.77311 0.49693 0.66447
   0.0865-0.53472-0.50118-0.66224 0.11614
 270.0000-0.98922 0.55112 0.82102 0.63821 0.95603 0.78467 0.46613 0.63504
   0.1378-0.54190-0.51793-0.63003 0.14810
 275.0000-1.03875 0.50642 0.80712 0.61033 0.91376 0.79463 0.43753 0.60458
   0.1849-0.54687-0.53481-0.61005 0.19003
 280.0000-1.08724 0.46313 0.79018 0.58578 0.87144 0.80231 0.41127 0.57333
   0.2265-0.54937-0.55175-0.59839 0.24582
 285.0000-1.13452 0.42143 0.77034 0.56461 0.82923 0.80717 0.38751 0.54153
   0.2621-0.54916-0.56865-0.59267 0.32123
 290.0000-1.18047 0.38152 0.74778 0.54680 0.78733 0.80889 0.36639 0.50937
   0.2913-0.54599-0.58542-0.59134 0.42467
 295.0000-1.22494 0.34357 0.72275 0.53229 0.74588 0.80730 0.34804 0.47702
   0.3141-0.53961-0.60198-0.59333 0.56762
 300.0000-1.26781 0.30777 0.69551 0.52093 0.70504 0.80237 0.33258 0.44465
   0.3309-0.52981-0.61822-0.59790 0.76250
RELATIVISTIC PHASE SHIFTS FOR ZINC Zn1        
   20.0000   5.0000   57   12
  20.0000-0.06452 0.30875-0.52448-0.22955-0.11148 0.00089-0.00018-0.00003
   0.0000-0.00000-0.00000-0.00000-0.00000
  25.0000-0.36806 0.25581-0.67157-0.35133-0.17787 0.00388-0.00058-0.00013
   0.0000 0.00000 0.00000 0.00000 0.00000
  30.0000-0.63835 0.14280-0.79681-0.48044-0.25605 0.01268-0.00146-0.00037
   0.0000 0.00000 0.00000 0.00000 0.00000
  35.0000-0.88382 0.00223-0.89534-0.61161-0.34278 0.03486-0.00303-0.00088
   0.0001 0.00000 0.00000 0.00000 0.00000
  40.0000-1.10973-0.14995-0.96283-0.74159-0.43540 0.08664-0.00546-0.00183
   0.0006 0.00001 0.00000-0.00000-0.00000
  45.0000-1.31958-0.30594-0.99616-0.86829-0.53184 0.20621-0.00882-0.00340
   0.0026 0.00002 0.00000-0.00000-0.00000
  50.0000-1.51583-0.46176-0.99551-0.99035-0.63052 0.48883-0.01297-0.00580
   0.0428 0.00004 0.00000-0.00000-0.00000
  55.0000 1.44131-0.61532-0.96748-1.10675-0.73027 1.06537-0.01754-0.00925
  -0.0153 0.00010 0.00000 0.00000-0.00000
  60.0000 1.26734-0.76552-0.92597-1.21669-0.83019-1.50094-0.02189-0.01392
  -0.0129 0.00023 0.00001 0.00000-0.00000
  65.0000 1.10283-0.91176-0.88798-1.31943-0.92959-1.22713-0.02504-0.01997
  -0.0144 0.00048 0.00002 0.00000 0.00000
  70.0000 0.94702-1.05375-0.86650-1.41425-1.02795-1.12512-0.02561-0.02747
  -0.0175 0.00098 0.00003 0.00000 0.00000
  75.0000 0.79933-1.19134-0.86701-1.50036-1.12484-1.09888-0.02171-0.03646
  -0.0218 0.00193 0.00006 0.00000-0.00000
  80.0000 0.65933-1.32446-0.88894 1.56467-1.21992-1.10984-0.01082-0.04690
  -0.0272 0.00374 0.00012 0.00001 0.00000
  85.0000 0.52673-1.45310-0.92888 1.49858-1.31291-1.14134 0.01043-0.05866
  -0.0338 0.00717 0.00021 0.00001 0.00000
  90.0000 0.40133 1.56434-0.98280 1.44390-1.40354-1.18522 0.04651-0.07156
  -0.0417 0.01397 0.00036 0.00002 0.00000
  95.0000 0.28304 1.44469-1.04706 1.40150-1.49158-1.23702 0.10309-0.08536
  -0.0508 0.02855 0.00062 0.00003 0.00000
 100.0000 0.17189 1.32955-1.11876 1.37198 1.56478-1.29407 0.18673-0.09975
  -0.0612 0.06628 0.00102 0.00005 0.00000
 105.0000 0.06796 1.21897-1.19561 1.35548 1.48258-1.35465 0.30304-0.11434
  -0.0729 0.23632 0.00165 0.00009 0.00000
 110.0000-0.02856 1.11301-1.27590 1.35129 1.40366-1.41760 0.45237-0.12868
  -0.0859-0.51974 0.00262 0.00014 0.00001
 115.0000-0.11740 1.01177-1.35832 1.35762 1.32825-1.48210 0.62411-0.14228
  -0.1000-0.20409 0.00409 0.00022 0.00001
 120.0000-0.19821 0.91538-1.44188 1.37153 1.25663-1.54753 0.79641-0.15454
  -0.1153-0.15687 0.00632 0.00035 0.00002
 125.0000-0.27060 0.82403-1.52581 1.38918 1.18909 1.52818 0.94658-0.16479
  -0.1316-0.14367 0.00968 0.00053 0.00003
 130.0000-0.33412 0.73792 1.53210 1.40647 1.12596 1.46221 1.06239-0.17227
  -0.1488-0.14191 0.01474 0.00078 0.00005
 135.0000-0.38835 0.65733 1.44914 1.41977 1.06758 1.39647 1.14305-0.17607
  -0.1668-0.14575 0.02245 0.00115 0.00008
 140.0000-0.43294 0.58258 1.36731 1.42642 1.01434 1.33122 1.19370-0.17520
  -0.1854-0.15299 0.03440 0.00167 0.00012
 145.0000-0.46772 0.51403 1.28694 1.42497 0.96662 1.26667 1.22077-0.16850
  -0.2045-0.16260 0.05349 0.00239 0.00017
 150.0000-0.49281 0.45208 1.20835 1.41499 0.92486 1.20304 1.22992-0.15469
  -0.2239-0.17405 0.08551 0.00338 0.00025
 155.0000-0.50879 0.39719 1.13179 1.39680 0.88943 1.14050 1.22556-0.13241
  -0.2435-0.18699 0.14391 0.00473 0.00036
 160.0000-0.51675 0.34979 1.05754 1.37115 0.86068 1.07922 1.21102-0.10031
  -0.2629-0.20119 0.26727 0.00658 0.00050
 165.0000-0.51835 0.31030 0.98585 1.33900 0.83885 1.01938 1.18875-0.05727
  -0.2820-0.21650 0.60790 0.00907 0.00069
 170.0000-0.51572 0.27905 0.91699 1.30135 0.82402 0.96114 1.16057-0.00267
  -0.3006-0.23276-1.50348 0.01243 0.00095
 175.0000-0.51126 0.25618 0.85122 1.25914 0.81604 0.90466 1.12786 0.06311
  -0.3183-0.24986-0.74657 0.01696 0.00130
 180.0000-0.50734 0.24160 0.78884 1.21322 0.81445 0.85011 1.09167 0.13834
  -0.3350-0.26769-0.51847 0.02306 0.00175
 185.0000-0.50599 0.23481 0.73015 1.16435 0.81841 0.79767 1.05280 0.21973
  -0.3502-0.28614-0.42897 0.03131 0.00235
 190.0000-0.50874 0.23491 0.67552 1.11317 0.82676 0.74752 1.01190 0.30277
  -0.3638-0.30511-0.38705 0.04253 0.00311
 195.0000-0.51652 0.24050 0.62530 1.06025 0.83800 0.69985 0.96948 0.38257
  -0.3753-0.32451-0.36669 0.05794 0.00410
 200.0000-0.52973 0.24980 0.57990 1.00606 0.85048 0.65486 0.92594 0.45486
  -0.3843-0.34422-0.35799 0.07942 0.00537
 205.0000-0.54837 0.26079 0.53975 0.95100 0.86253 0.61277 0.88164 0.51674
  -0.3904-0.36415-0.35640 0.10997 0.00698
 210.0000-0.57212 0.27146 0.50530 0.89544 0.87263 0.57378 0.83687 0.56683
  -0.3931-0.38419-0.35955 0.15468 0.00903
 215.0000-0.60049 0.28000 0.47699 0.83968 0.87956 0.53813 0.79188 0.60504
  -0.3920-0.40422-0.36604 0.22272 0.01163
 220.0000-0.63292 0.28501 0.45525 0.78398 0.88244 0.50604 0.74687 0.63208
  -0.3866-0.42414-0.37504 0.33191 0.01491
 225.0000-0.66882 0.28555 0.44040 0.72859 0.88079 0.47771 0.70205 0.64912
  -0.3763-0.44383-0.38597 0.51846 0.01905
 230.0000-0.70761 0.28114 0.43266 0.67371 0.87441 0.45336 0.65759 0.65744
  -0.3607-0.46315-0.39842 0.84834 0.02426
 235.0000-0.74875 0.27169 0.43201 0.61955 0.86336 0.43314 0.61365 0.65833
  -0.3395-0.48199-0.41213 1.35303 0.03082
 240.0000-0.79176 0.25736 0.43817 0.56628 0.84789 0.41718 0.57038 0.65293
  -0.3123-0.50020-0.42685-1.30035 0.03909
 245.0000-0.83618 0.23854 0.45048 0.51407 0.82835 0.40550 0.52792 0.64226
  -0.2793-0.51764-0.44241-0.99326 0.04956
 250.0000-0.88161 0.21570 0.46791 0.46309 0.80514 0.39806 0.48642 0.62719
  -0.2407-0.53415-0.45867-0.82140 0.06284
 255.0000-0.92770 0.18937 0.48906 0.41349 0.77868 0.39469 0.44599 0.60846
  -0.1972-0.54957-0.47550-0.72204 0.07978
 260.0000-0.97412 0.16006 0.51230 0.36542 0.74941 0.39508 0.40679 0.58670
  -0.1499-0.56373-0.49279-0.66192 0.10156
 265.0000-1.02058 0.12828 0.53588 0.31904 0.71773 0.39878 0.36895 0.56243
  -0.1003-0.57644-0.51043-0.62463 0.12981
 270.0000-1.06683 0.09452 0.55817 0.27450 0.68401 0.40517 0.33259 0.53611
  -0.0501-0.58750-0.52834-0.60163 0.16688
 275.0000-1.11260 0.05921 0.57780 0.23194 0.64860 0.41355 0.29786 0.50811
  -0.0011-0.59670-0.54643-0.58815 0.21624
 280.0000-1.15769 0.02275 0.59376 0.19152 0.61180 0.42310 0.26490 0.47877
   0.0453-0.60383-0.56461-0.58131 0.28303
 285.0000-1.20187-0.01448 0.60542 0.15339 0.57392 0.43298 0.23384 0.44836
   0.0874-0.60864-0.58279-0.57930 0.37502
 290.0000-1.24495-0.05217 0.61252 0.11769 0.53520 0.44237 0.20484 0.41712
   0.1245-0.61090-0.60091-0.58094 0.50344
 295.0000-1.28673-0.08999 0.61510 0.08457 0.49587 0.45053 0.17802 0.38528
   0.1559-0.61039-0.61887-0.58540 0.68250
 300.0000-1.32703-0.12766 0.61341 0.05416 0.45615 0.45682 0.15353 0.35303
   0.1814-0.60686-0.63659-0.59208 0.92248
RELATIVISTIC PHASE SHIFTS FOR ZINC Zn2        
   20.0000   5.0000   57   12
  20.0000-0.12030 0.03469-0.54634-0.23649-0.13725 0.00045-0.00020-0.00004
   0.0000-0.00000-0.00000-0.00000-0.00000
  25.0000-0.41596 0.05246-0.70286-0.36063-0.20280 0.00241-0.00064-0.00016
   0.0000 0.00000 0.00000 0.00000 0.00000
  30.0000-0.68043-0.00736-0.84002-0.49192-0.28069 0.00854-0.00162-0.00043
   0.0000 0.00000 0.00000 0.00000 0.00000
  35.0000-0.92150-0.11254-0.95379-0.62516-0.36718 0.02420-0.00338-0.00101
   0.0001 0.00000 0.00000 0.00000 0.00000
  40.0000-1.14400-0.24112-1.04057-0.75717-0.45953 0.06005-0.00614-0.00206
   0.0004 0.00000 0.00000-0.00000-0.00000
  45.0000-1.35117-0.38084-1.09714-0.88597-0.55568 0.13816-0.01001-0.00378
   0.0014 0.00001 0.00000-0.00000-0.00000
  50.0000-1.54531-0.52506-1.12174-1.01027-0.65409 0.30696-0.01493-0.00640
   0.0057 0.00004 0.00000-0.00000-0.00000
  55.0000 1.41352-0.67008-1.11627-1.12916-0.75361 0.65876-0.02063-0.01012
   0.0979 0.00009 0.00000 0.00000-0.00000
  60.0000 1.24086-0.81382-1.08851-1.24193-0.85335 1.19818-0.02658-0.01514
  -0.0269 0.00020 0.00001 0.00000-0.00000
  65.0000 1.07737-0.95509-1.05182-1.34793-0.95264-1.51902-0.03198-0.02160
  -0.0216 0.00043 0.00001 0.00000 0.00000
  70.0000 0.92232-1.09318-1.02075-1.44657-1.05098-1.31313-0.03567-0.02961
  -0.0231 0.00086 0.00003 0.00000-0.00000
  75.0000 0.77515-1.22767-1.00560-1.53718-1.14794-1.23101-0.03615-0.03919
  -0.0268 0.00166 0.00006 0.00000-0.00000
  80.0000 0.63545-1.35833-1.01036 1.52254-1.24320-1.21018-0.03140-0.05030
  -0.0322 0.00315 0.00011 0.00000 0.00000
  85.0000 0.50293-1.48499-1.03430 1.45019-1.33647-1.22200-0.01881-0.06284
  -0.0389 0.00586 0.00019 0.00001 0.00000
  90.0000 0.37740 1.53402-1.07440 1.38819-1.42752-1.25282 0.00499-0.07664
  -0.0470 0.01092 0.00034 0.00002 0.00000
  95.0000 0.25877 1.41559-1.12719 1.33737-1.51613-1.29546 0.04430-0.09148
  -0.0564 0.02073 0.00057 0.00003 0.00000
 100.0000 0.14703 1.30139-1.18948 1.29846 1.53952-1.34580 0.10422-0.10705
  -0.0671 0.04154 0.00094 0.00005 0.00000
 105.0000 0.04227 1.19148-1.25867 1.27189 1.45643-1.40133 0.19000-0.12301
  -0.0792 0.09568 0.00151 0.00008 0.00000
 110.0000-0.05535 1.08595-1.33271 1.25755 1.37642-1.46037 0.30496-0.13896
  -0.0926 0.35219 0.00239 0.00013 0.00001
 115.0000-0.14559 0.98491-1.41002 1.25454 1.29971-1.52179 0.44669-0.15445
  -0.1072-0.56460 0.00370 0.00021 0.00001
 120.0000-0.22813 0.88850-1.48938 1.26095 1.22653 1.55683 0.60355-0.16894
  -0.1229-0.25045 0.00568 0.00033 0.00002
 125.0000-0.30259 0.79689-1.56984 1.27387 1.15716 1.49291 0.75672-0.18185
  -0.1397-0.19400 0.00861 0.00049 0.00003
 130.0000-0.36856 0.71029 1.49092 1.28969 1.09186 1.42851 0.88877-0.19251
  -0.1575-0.17672 0.01297 0.00074 0.00005
 135.0000-0.42560 0.62897 1.41031 1.30470 1.03097 1.36403 0.99082-0.20016
  -0.1760-0.17305 0.01946 0.00108 0.00008
 140.0000-0.47333 0.55322 1.33041 1.31565 0.97481 1.29976 1.06248-0.20395
  -0.1953-0.17605 0.02925 0.00156 0.00011
 145.0000-0.51152 0.48340 1.25162 1.32025 0.92375 1.23596 1.10785-0.20289
  -0.2151-0.18303 0.04430 0.00223 0.00016
 150.0000-0.54015 0.41988 1.17428 1.31723 0.87818 1.17287 1.13211-0.19591
  -0.2353-0.19274 0.06816 0.00314 0.00024
 155.0000-0.55959 0.36311 1.09870 1.30625 0.83845 1.11068 1.13999-0.18182
  -0.2556-0.20449 0.10802 0.00439 0.00034
 160.0000-0.57065 0.31352 1.02517 1.28761 0.80494 1.04958 1.13531-0.15941
  -0.2759-0.21787 0.18053 0.00608 0.00047
 165.0000-0.57473 0.27153 0.95396 1.26199 0.77793 0.98974 1.12101-0.12754
  -0.2961-0.23259 0.33300 0.00835 0.00066
 170.0000-0.57369 0.23752 0.88534 1.23026 0.75761 0.93133 1.09931-0.08533
  -0.3158-0.24846 0.73699 0.01140 0.00090
 175.0000-0.56979 0.21172 0.81960 1.19333 0.74400 0.87451 1.07192-0.03249
  -0.3348-0.26530-1.44026 0.01547 0.00123
 180.0000-0.56535 0.19414 0.75702 1.15207 0.73686 0.81946 1.04011 0.03035
  -0.3530-0.28297-0.79840 0.02091 0.00166
 185.0000-0.56253 0.18449 0.69792 1.10728 0.73569 0.76633 1.00489 0.10136
  -0.3699-0.30137-0.57519 0.02818 0.00221
 190.0000-0.56306 0.18205 0.64262 1.05967 0.73964 0.71531 0.96703 0.17737
  -0.3853-0.32036-0.48101 0.03795 0.00293
 195.0000-0.56811 0.18567 0.59151 1.00984 0.74753 0.66657 0.92716 0.25432
  -0.3990-0.33984-0.43503 0.05115 0.00386
 200.0000-0.57833 0.19377 0.54496 0.95832 0.75795 0.62031 0.88578 0.32792
  -0.4105-0.35971-0.41175 0.06919 0.00504
 205.0000-0.59390 0.20446 0.50340 0.90558 0.76932 0.57672 0.84328 0.39449
  -0.4195-0.37985-0.40101 0.09418 0.00655
 210.0000-0.61463 0.21574 0.46728 0.85200 0.78010 0.53600 0.80003 0.45153
  -0.4255-0.40016-0.39799 0.12952 0.00845
 215.0000-0.64015 0.22572 0.43705 0.79793 0.78890 0.49836 0.75629 0.49783
  -0.4281-0.42054-0.40011 0.18091 0.01086
 220.0000-0.66994 0.23283 0.41315 0.74367 0.79462 0.46403 0.71232 0.53325
  -0.4270-0.44087-0.40589 0.25846 0.01388
 225.0000-0.70342 0.23594 0.39597 0.68948 0.79646 0.43321 0.66834 0.55838
  -0.4215-0.46104-0.41438 0.38110 0.01768
 230.0000-0.74004 0.23436 0.38577 0.63559 0.79398 0.40610 0.62454 0.57421
  -0.4114-0.48092-0.42495 0.58443 0.02244
 235.0000-0.77924 0.22782 0.38268 0.58221 0.78702 0.38288 0.58109 0.58187
  -0.3961-0.50041-0.43717 0.92145 0.02841
 240.0000-0.82051 0.21637 0.38655 0.52955 0.77563 0.36369 0.53816 0.58249
  -0.3753-0.51936-0.45071 1.38835 0.03589
 245.0000-0.86340 0.20030 0.39691 0.47777 0.76004 0.34863 0.49589 0.57713
  -0.3490-0.53764-0.46533-1.32294 0.04527
 250.0000-0.90749 0.18003 0.41291 0.42705 0.74058 0.33771 0.45442 0.56671
  -0.3172-0.55511-0.48083-1.04184 0.05708
 255.0000-0.95241 0.15605 0.43333 0.37756 0.71762 0.33085 0.41391 0.55204
  -0.2802-0.57163-0.49705-0.87588 0.07199
 260.0000-0.99781 0.12888 0.45664 0.32944 0.69157 0.32786 0.37447 0.53382
  -0.2387-0.58701-0.51387-0.77614 0.09092
 265.0000-1.04340 0.09903 0.48112 0.28285 0.66281 0.32841 0.33625 0.51265
  -0.1939-0.60111-0.53115-0.71411 0.11513
 270.0000-1.08890 0.06698 0.50508 0.23794 0.63175 0.33205 0.29938 0.48902
  -0.1471-0.61374-0.54879-0.67476 0.14637
 275.0000-1.13405 0.03320 0.52700 0.19487 0.59872 0.33817 0.26399 0.46338
  -0.0998-0.62470-0.56670-0.64992 0.18710
 280.0000-1.17863-0.00192 0.54570 0.15378 0.56406 0.34608 0.23022 0.43609
  -0.0537-0.63379-0.58477-0.63486 0.24090
 285.0000-1.22242-0.03798 0.56036 0.11483 0.52807 0.35501 0.19821 0.40746
  -0.0101-0.64081-0.60294-0.62672 0.31297
 290.0000-1.26521-0.07464 0.57055 0.07815 0.49103 0.36415 0.16809 0.37778
   0.0295-0.64553-0.62110-0.62363 0.41079
 295.0000-1.30681-0.11157 0.57618 0.04390 0.45317 0.37274 0.13999 0.34728
   0.0644-0.64773-0.63918-0.62437 0.54447
 300.0000-1.34703-0.14850 0.57741 0.01221 0.41474 0.38009 0.11407 0.31618
   0.0940-0.64720-0.65709-0.62808 0.72513
