RELATIVISTIC PHASE SHIFTS FOR OXYGEN O        
   20.0000   5.0000   57   12
  20.0000 0.57070-1.50781-0.91048 0.20973-0.02465-0.00749 0.00091 0.00001
   0.0000-0.00000-0.00000-0.00000-0.00000
  25.0000 0.32229 1.38438-1.13279 0.56509-0.04712-0.01750 0.00502 0.00005
   0.0000 0.00000 0.00000 0.00000 0.00000
  30.0000 0.11995 1.16774-1.33890 1.03354-0.07490-0.03338 0.02936 0.00019
   0.0000 0.00000 0.00000 0.00000 0.00000
  35.0000-0.04179 0.97983-1.53073 1.31708-0.10461-0.05546-0.50963 0.00059
   0.0000 0.00000 0.00000 0.00000 0.00000
  40.0000-0.16587 0.81856 1.43173 1.41228-0.13218-0.08343-0.10814 0.00157
   0.0001 0.00000 0.00000-0.00000-0.00000
  45.0000-0.25471 0.68316 1.26406 1.41124-0.15311-0.11656-0.10262 0.00377
   0.0001 0.00000 0.00000-0.00000-0.00000
  50.0000-0.31199 0.57380 1.10692 1.36347-0.16246-0.15384-0.11574 0.00842
   0.0003 0.00001 0.00000-0.00000-0.00000
  55.0000-0.34418 0.49104 0.95960 1.29172-0.15493-0.19416-0.13638 0.01793
   0.0006 0.00003 0.00000 0.00000-0.00000
  60.0000-0.36078 0.43519 0.82163 1.20711-0.12522-0.23637-0.16194 0.03747
   0.0012 0.00006 0.00000 0.00000-0.00000
  65.0000-0.37256 0.40518 0.69270 1.11559-0.06937-0.27931-0.19130 0.07971
   0.0023 0.00012 0.00001 0.00000 0.00000
  70.0000-0.38868 0.39745 0.57265 1.02059 0.01265-0.32187-0.22375 0.18431
   0.0041 0.00023 0.00001 0.00000-0.00000
  75.0000-0.41478 0.40524 0.46149 0.92421 0.11391-0.36295-0.25873 0.54290
   0.0071 0.00041 0.00002 0.00000-0.00000
  80.0000-0.45285 0.41952 0.35932 0.82779 0.22028-0.40142-0.29573-1.29739
   0.0119 0.00071 0.00004 0.00000-0.00000
  85.0000-0.50241 0.43129 0.26638 0.73227 0.31557-0.43617-0.33428-0.66266
   0.0195 0.00117 0.00008 0.00000 0.00000
  90.0000-0.56173 0.43393 0.18301 0.63827 0.38850-0.46602-0.37395-0.51315
   0.0313 0.00189 0.00013 0.00001 0.00000
  95.0000-0.62875 0.42422 0.10962 0.54630 0.43531-0.48975-0.41431-0.46601
   0.0497 0.00297 0.00021 0.00001 0.00000
 100.0000-0.70151 0.40172 0.04663 0.45672 0.45772-0.50609-0.45496-0.45436
   0.0786 0.00456 0.00034 0.00002 0.00000
 105.0000-0.77829 0.36771-0.00555 0.36986 0.45975-0.51377-0.49550-0.45939
   0.1249 0.00685 0.00052 0.00004 0.00000
 110.0000-0.85771 0.32418-0.04671 0.28597 0.44577-0.51163-0.53555-0.47377
   0.2016 0.01009 0.00080 0.00006 0.00000
 115.0000-0.93864 0.27321-0.07688 0.20532 0.41956-0.49878-0.57472-0.49404
   0.3352 0.01464 0.00119 0.00009 0.00001
 120.0000-1.02018 0.21671-0.09658 0.12815 0.38419-0.47488-0.61264-0.51829
   0.5793 0.02095 0.00174 0.00014 0.00001
 125.0000-1.10160 0.15629-0.10692 0.05471 0.34203-0.44045-0.64890-0.54535
   1.0072 0.02964 0.00250 0.00021 0.00002
 130.0000-1.18231 0.09332-0.10968-0.01476 0.29490-0.39717-0.68310-0.57445
   1.5387 0.04154 0.00353 0.00031 0.00002
 135.0000-1.26184 0.02891-0.10722-0.07997 0.24420-0.34794-0.71484-0.60500
  -1.2187 0.05781 0.00493 0.00045 0.00004
 140.0000-1.33977-0.03602-0.10225-0.14065 0.19102-0.29658-0.74365-0.63658
  -1.0082 0.08005 0.00679 0.00064 0.00005
 145.0000-1.41574-0.10070-0.09748-0.19651 0.13621-0.24718-0.76910-0.66884
  -0.8962 0.11055 0.00923 0.00089 0.00008
 150.0000-1.48945-0.16448-0.09525-0.24725 0.08046-0.20336-0.79070-0.70146
  -0.8359 0.15262 0.01243 0.00123 0.00011
 155.0000-1.56061-0.22678-0.09730-0.29258 0.02432-0.16765-0.80797-0.73418
  -0.8044 0.21113 0.01657 0.00168 0.00016
 160.0000 1.51265-0.28708-0.10467-0.33223-0.03176-0.14140-0.82042-0.76675
  -0.7904 0.29324 0.02190 0.00227 0.00022
 165.0000 1.44740-0.34491-0.11778-0.36598-0.08738-0.12489-0.82761-0.79895
  -0.7878 0.40905 0.02872 0.00303 0.00031
 170.0000 1.38549-0.39980-0.13657-0.39367-0.14220-0.11766-0.82913-0.83056
  -0.7928 0.57098 0.03741 0.00400 0.00042
 175.0000 1.32717-0.45133-0.16065-0.41528-0.19594-0.11883-0.82472-0.86136
  -0.8033 0.78789 0.04845 0.00523 0.00056
 180.0000 1.27269-0.49904-0.18946-0.43095-0.24831-0.12735-0.81428-0.89113
  -0.8179 1.05022 0.06242 0.00679 0.00075
 185.0000 1.22229-0.54250-0.22235-0.44102-0.29907-0.14213-0.79794-0.91967
  -0.8354 1.31958 0.08008 0.00874 0.00098
 190.0000 1.17621-0.58126-0.25864-0.44606-0.34799-0.16216-0.77619-0.94675
  -0.8551 1.55159 0.10239 0.01117 0.00129
 195.0000 1.13464-0.61492-0.29770-0.44690-0.39482-0.18651-0.74984-0.97215
  -0.8765-1.41408 0.13057 0.01418 0.00167
 200.0000 1.09777-0.64307-0.33894-0.44455-0.43936-0.21439-0.72006-0.99563
  -0.8993-1.28923 0.16617 0.01788 0.00215
 205.0000 1.06573-0.66536-0.38183-0.44022-0.48137-0.24509-0.68829-1.01697
  -0.9229-1.20312 0.21119 0.02242 0.00274
 210.0000 1.03856-0.68155-0.42587-0.43513-0.52066-0.27801-0.65614-1.03591
  -0.9472-1.14467 0.26807 0.02795 0.00347
 215.0000 1.01622-0.69153-0.47066-0.43049-0.55700-0.31264-0.62521-1.05223
  -0.9719-1.10584 0.33977 0.03468 0.00437
 220.0000 0.99855-0.69536-0.51579-0.42736-0.59021-0.34853-0.59691-1.06567
  -0.9967-1.08108 0.42949 0.04284 0.00547
 225.0000 0.98525-0.69338-0.56092-0.42657-0.62009-0.38530-0.57236-1.07599
  -1.0216-1.06662 0.54005 0.05269 0.00680
 230.0000 0.97586-0.68619-0.60574-0.42873-0.64647-0.42260-0.55234-1.08300
  -1.0463-1.05986 0.67250 0.06456 0.00842
 235.0000 0.96978-0.67470-0.64997-0.43421-0.66924-0.46015-0.53728-1.08649
  -1.0707-1.05897 0.82423 0.07884 0.01035
 240.0000 0.96628-0.66007-0.69334-0.44316-0.68830-0.49767-0.52730-1.08633
  -1.0946-1.06260 0.98748 0.09599 0.01267
 245.0000 0.96453-0.64364-0.73560-0.45554-0.70361-0.53493-0.52229-1.08246
  -1.1179-1.06979 1.15048 0.11655 0.01544
 250.0000 0.96368-0.62681-0.77652-0.47121-0.71523-0.57171-0.52198-1.07488
  -1.1404-1.07979 1.30139 0.14117 0.01873
 255.0000 0.96287-0.61092-0.81589-0.48993-0.72328-0.60780-0.52600-1.06373
  -1.1619-1.09203 1.43233 0.17059 0.02262
 260.0000 0.96133-0.59709-0.85349-0.51140-0.72799-0.64301-0.53393-1.04925
  -1.1824-1.10605 1.54056 0.20570 0.02720
 265.0000 0.95842-0.58621-0.88912-0.53531-0.72971-0.67717-0.54532-1.03184
  -1.2017-1.12148-1.51449 0.24749 0.03260
 270.0000 0.95361-0.57884-0.92258-0.56132-0.72886-0.71010-0.55975-1.01202
  -1.2196-1.13804-1.44686 0.29704 0.03894
 275.0000 0.94655-0.57528-0.95370-0.58911-0.72599-0.74165-0.57681-0.99044
  -1.2360-1.15546-1.39492 0.35545 0.04635
 280.0000 0.93704-0.57558-0.98231-0.61838-0.72171-0.77164-0.59610-0.96784
  -1.2508-1.17354-1.35570 0.42371 0.05500
 285.0000 0.92499-0.57961-1.00826-0.64883-0.71665-0.79994-0.61728-0.94499
  -1.2638-1.19207-1.32671 0.50248 0.06508
 290.0000 0.91043-0.58711-1.03141-0.68018-0.71145-0.82639-0.64003-0.92269
  -1.2748-1.21091-1.30595 0.59175 0.07680
 295.0000 0.89347-0.59774-1.05165-0.71217-0.70674-0.85086-0.66405-0.90164
  -1.2838-1.22990-1.29183 0.69054 0.09040
 300.0000 0.87427-0.61110-1.06893-0.74458-0.70306-0.87323-0.68908-0.88247
  -1.2906-1.24891-1.28309 0.79659 0.10615
RELATIVISTIC PHASE SHIFTS FOR ZINC Zn         
   20.0000   5.0000   57   12
  20.0000-1.56364-0.87679 0.27324 0.00488 0.00011 0.00000 0.00000-0.00000
  -0.0000-0.00000-0.00000-0.00000-0.00000
  25.0000 1.43672-1.00635 0.51999 0.01030 0.00029 0.00001 0.00000 0.00000
   0.0000 0.00000 0.00000 0.00000 0.00000
  30.0000 1.32053-1.11891 0.83304 0.01890 0.00063 0.00002 0.00000 0.00000
   0.0000 0.00000 0.00000 0.00000 0.00000
  35.0000 1.22438-1.21798 1.12053 0.03150 0.00121 0.00004 0.00000 0.00000
   0.0000 0.00000 0.00000 0.00000 0.00000
  40.0000 1.14505-1.30582 1.32131 0.04895 0.00212 0.00007 0.00000 0.00000
   0.0000 0.00000 0.00000 0.00000 0.00000
  45.0000 1.08031-1.38393 1.44191 0.07207 0.00345 0.00014 0.00000 0.00000
   0.0000 0.00000 0.00000 0.00000 0.00000
  50.0000 1.02849-1.45335 1.50836 0.10168 0.00533 0.00023 0.00001 0.00000
   0.0000 0.00000 0.00000 0.00000 0.00000
  55.0000 0.98822-1.51477 1.54102 0.13844 0.00786 0.00038 0.00001 0.00000
   0.0000 0.00000 0.00000 0.00000 0.00000
  60.0000 0.95823-1.56865 1.55268 0.18281 0.01118 0.00058 0.00002 0.00000
  -0.0000-0.00000-0.00000-0.00000-0.00000
  65.0000 0.93726 1.52629 1.55106 0.23489 0.01542 0.00087 0.00004 0.00000
   0.0000-0.00000-0.00000-0.00000-0.00000
  70.0000 0.92398 1.48668 1.54097 0.29427 0.02071 0.00126 0.00006 0.00000
   0.0000 0.00000 0.00000 0.00000 0.00000
  75.0000 0.91698 1.45403 1.52546 0.35988 0.02720 0.00177 0.00009 0.00000
   0.0000 0.00000 0.00000 0.00000 0.00000
  80.0000 0.91478 1.42829 1.50659 0.42999 0.03503 0.00242 0.00013 0.00001
   0.0000-0.00000-0.00000-0.00000-0.00000
  85.0000 0.91588 1.40942 1.48578 0.50233 0.04435 0.00325 0.00019 0.00001
   0.0000-0.00000-0.00000-0.00000-0.00000
  90.0000 0.91885 1.39738 1.46406 0.57432 0.05528 0.00428 0.00026 0.00001
   0.0000 0.00000 0.00000 0.00000 0.00000
  95.0000 0.92240 1.39206 1.44220 0.64346 0.06796 0.00554 0.00036 0.00002
   0.0000 0.00000 0.00000 0.00000 0.00000
 100.0000 0.92543 1.39324 1.42082 0.70766 0.08251 0.00707 0.00048 0.00003
   0.0000-0.00000-0.00000-0.00000-0.00000
 105.0000 0.92709 1.40057 1.40045 0.76543 0.09902 0.00889 0.00064 0.00004
   0.0000 0.00000 0.00000 0.00000 0.00000
 110.0000 0.92678 1.41351 1.38152 0.81595 0.11757 0.01105 0.00083 0.00005
   0.0000 0.00000 0.00000 0.00000 0.00000
 115.0000 0.92412 1.43131 1.36446 0.85897 0.13821 0.01359 0.00107 0.00007
   0.0000 0.00000 0.00000 0.00000 0.00000
 120.0000 0.91892 1.45304 1.34968 0.89468 0.16094 0.01653 0.00136 0.00009
   0.0000 0.00000 0.00000-0.00000-0.00000
 125.0000 0.91114 1.47761 1.33759 0.92352 0.18573 0.01991 0.00171 0.00012
   0.0000 0.00000-0.00000-0.00000-0.00000
 130.0000 0.90084 1.50384 1.32861 0.94613 0.21249 0.02379 0.00213 0.00015
   0.0000 0.00000 0.00000 0.00000 0.00000
 135.0000 0.88817 1.53053 1.32322 0.96317 0.24108 0.02819 0.00262 0.00019
   0.0000 0.00000-0.00000-0.00000-0.00000
 140.0000 0.87331 1.55656 1.32189 0.97530 0.27129 0.03316 0.00320 0.00024
   0.0000 0.00000-0.00000-0.00000-0.00000
 145.0000 0.85647-1.56061 1.32517 0.98316 0.30286 0.03873 0.00388 0.00031
   0.0000 0.00000 0.00000-0.00000-0.00000
 150.0000 0.83788-1.53856 1.33364 0.98732 0.33548 0.04495 0.00466 0.00038
   0.0000 0.00000-0.00000-0.00000-0.00000
 155.0000 0.81773-1.51943 1.34790 0.98828 0.36880 0.05184 0.00556 0.00047
   0.0000 0.00000 0.00000-0.00000-0.00000
 160.0000 0.79624-1.50355 1.36858 0.98651 0.40243 0.05944 0.00659 0.00058
   0.0000 0.00000 0.00000-0.00000-0.00000
 165.0000 0.77360-1.49106 1.39626 0.98240 0.43598 0.06779 0.00776 0.00070
   0.0001 0.00000 0.00000 0.00000 0.00000
 170.0000 0.74998-1.48196 1.43143 0.97628 0.46904 0.07691 0.00909 0.00085
   0.0001 0.00000 0.00000-0.00000-0.00000
 175.0000 0.72554-1.47614 1.47437 0.96846 0.50125 0.08682 0.01058 0.00102
   0.0001 0.00000 0.00000-0.00000-0.00000
 180.0000 0.70041-1.47342 1.52508 0.95920 0.53226 0.09755 0.01225 0.00122
   0.0001 0.00001 0.00000-0.00000-0.00000
 185.0000 0.67474-1.47357-1.55852 0.94871 0.56178 0.10909 0.01412 0.00145
   0.0001 0.00001 0.00000 0.00000 0.00000
 190.0000 0.64863-1.47633-1.49425 0.93720 0.58956 0.12147 0.01620 0.00171
   0.0001 0.00001 0.00000-0.00000-0.00000
 195.0000 0.62219-1.48146-1.42530 0.92484 0.61543 0.13466 0.01850 0.00201
   0.0002 0.00001 0.00000-0.00000-0.00000
 200.0000 0.59550-1.48868-1.35373 0.91177 0.63925 0.14868 0.02104 0.00235
   0.0002 0.00001 0.00000 0.00000-0.00000
 205.0000 0.56865-1.49777-1.28190 0.89812 0.66095 0.16348 0.02382 0.00273
   0.0002 0.00002 0.00000-0.00000-0.00000
 210.0000 0.54171-1.50850-1.21211 0.88403 0.68049 0.17905 0.02688 0.00316
   0.0003 0.00002 0.00000-0.00000-0.00000
 215.0000 0.51473-1.52065-1.14635 0.86958 0.69789 0.19534 0.03021 0.00365
   0.0003 0.00003 0.00000-0.00000-0.00000
 220.0000 0.48779-1.53403-1.08609 0.85487 0.71317 0.21229 0.03384 0.00419
   0.0004 0.00003 0.00000 0.00000 0.00000
 225.0000 0.46092-1.54849-1.03222 0.83998 0.72641 0.22986 0.03777 0.00479
   0.0005 0.00004 0.00000-0.00000-0.00000
 230.0000 0.43417-1.56384-0.98510 0.82499 0.73769 0.24796 0.04203 0.00546
   0.0006 0.00005 0.00000 0.00000-0.00000
 235.0000 0.40758 1.56162-0.94470 0.80997 0.74711 0.26652 0.04662 0.00620
   0.0007 0.00006 0.00000 0.00000 0.00000
 240.0000 0.38119 1.54485-0.91068 0.79498 0.75477 0.28544 0.05156 0.00702
   0.0008 0.00007 0.00000 0.00000 0.00000
 245.0000 0.35502 1.52754-0.88253 0.78007 0.76077 0.30463 0.05685 0.00792
   0.0009 0.00008 0.00001 0.00000-0.00000
 250.0000 0.32911 1.50981-0.85966 0.76530 0.76523 0.32398 0.06251 0.00891
   0.0010 0.00009 0.00001 0.00000-0.00000
 255.0000 0.30349 1.49173-0.84150 0.75071 0.76826 0.34339 0.06854 0.01000
   0.0012 0.00011 0.00001 0.00000-0.00000
 260.0000 0.27817 1.47339-0.82744 0.73635 0.76996 0.36276 0.07496 0.01118
   0.0013 0.00013 0.00001 0.00000 0.00000
 265.0000 0.25317 1.45486-0.81697 0.72227 0.77043 0.38197 0.08177 0.01247
   0.0015 0.00015 0.00001 0.00000-0.00000
 270.0000 0.22851 1.43620-0.80959 0.70850 0.76978 0.40092 0.08898 0.01386
   0.0017 0.00017 0.00001 0.00000-0.00000
 275.0000 0.20422 1.41747-0.80487 0.69509 0.76810 0.41951 0.09658 0.01538
   0.0019 0.00020 0.00002 0.00000 0.00000
 280.0000 0.18030 1.39873-0.80244 0.68206 0.76547 0.43765 0.10459 0.01702
   0.0022 0.00023 0.00002 0.00000-0.00000
 285.0000 0.15677 1.38002-0.80195 0.66946 0.76198 0.45525 0.11299 0.01879
   0.0025 0.00026 0.00002 0.00000 0.00000
 290.0000 0.13363 1.36138-0.80312 0.65732 0.75771 0.47222 0.12179 0.02070
   0.0028 0.00030 0.00003 0.00000 0.00000
 295.0000 0.11091 1.34285-0.80569 0.64568 0.75272 0.48851 0.13098 0.02274
   0.0031 0.00034 0.00003 0.00000 0.00000
 300.0000 0.08861 1.32447-0.80945 0.63455 0.74708 0.50404 0.14054 0.02494
   0.0035 0.00039 0.00004 0.00000 0.00000
