RELATIVISTIC PHASE SHIFTS FOR OXYGEN O1       
   20.0000   5.0000   57   12
  20.0000 1.53131-0.67116 0.03291 0.00082 0.00002 0.00000 0.00000 0.00000
   0.0000 0.00000 0.00000 0.00000 0.00000
  25.0000 1.39158-0.75202 0.05645 0.00172 0.00004 0.00000-0.00000-0.00000
  -0.0000-0.00000-0.00000-0.00000-0.00000
  30.0000 1.27307-0.82113 0.08741 0.00313 0.00010 0.00000 0.00000 0.00000
   0.0000 0.00000 0.00000 0.00000 0.00000
  35.0000 1.17023-0.88107 0.12598 0.00516 0.00019 0.00001 0.00000 0.00000
   0.0000 0.00000 0.00000 0.00000 0.00000
  40.0000 1.07953-0.93354 0.17196 0.00791 0.00033 0.00001 0.00000 0.00000
   0.0000 0.00000 0.00000 0.00000 0.00000
  45.0000 0.99858-0.97971 0.22472 0.01148 0.00053 0.00002 0.00000-0.00000
  -0.0000-0.00000-0.00000-0.00000-0.00000
  50.0000 0.92566-1.02045 0.28313 0.01596 0.00082 0.00003 0.00000 0.00000
   0.0000 0.00000 0.00000 0.00000 0.00000
  55.0000 0.85950-1.05641 0.34559 0.02144 0.00121 0.00005 0.00000 0.00000
  -0.0000-0.00000-0.00000-0.00000-0.00000
  60.0000 0.79914-1.08813 0.41016 0.02796 0.00172 0.00008 0.00000 0.00000
   0.0000 0.00000 0.00000 0.00000 0.00000
  65.0000 0.74383-1.11605 0.47476 0.03559 0.00237 0.00012 0.00000 0.00000
  -0.0000-0.00000-0.00000-0.00000-0.00000
  70.0000 0.69293-1.14055 0.53744 0.04438 0.00318 0.00017 0.00001 0.00000
   0.0000 0.00000 0.00000 0.00000 0.00000
  75.0000 0.64596-1.16197 0.59654 0.05434 0.00418 0.00025 0.00001 0.00000
   0.0000 0.00000 0.00000 0.00000 0.00000
  80.0000 0.60250-1.18060 0.65090 0.06549 0.00537 0.00034 0.00002 0.00000
  -0.0000-0.00000-0.00000-0.00000-0.00000
  85.0000 0.56218-1.19673 0.69979 0.07782 0.00678 0.00046 0.00002 0.00000
  -0.0000-0.00000-0.00000-0.00000-0.00000
  90.0000 0.52469-1.21061 0.74295 0.09130 0.00844 0.00060 0.00003 0.00000
  -0.0000-0.00000-0.00000-0.00000-0.00000
  95.0000 0.48978-1.22251 0.78043 0.10591 0.01035 0.00078 0.00004 0.00000
   0.0000 0.00000 0.00000 0.00000 0.00000
 100.0000 0.45718-1.23265 0.81253 0.12157 0.01254 0.00100 0.00006 0.00000
   0.0000 0.00000 0.00000 0.00000 0.00000
 105.0000 0.42671-1.24126 0.83966 0.13820 0.01502 0.00126 0.00008 0.00000
   0.0000 0.00000 0.00000 0.00000 0.00000
 110.0000 0.39815-1.24856 0.86232 0.15572 0.01781 0.00157 0.00010 0.00001
   0.0000-0.00000-0.00000-0.00000-0.00000
 115.0000 0.37134-1.25474 0.88103 0.17401 0.02092 0.00193 0.00013 0.00001
   0.0000 0.00000 0.00000 0.00000 0.00000
 120.0000 0.34611-1.26000 0.89627 0.19295 0.02437 0.00235 0.00017 0.00001
   0.0000 0.00000 0.00000 0.00000 0.00000
 125.0000 0.32232-1.26452 0.90851 0.21241 0.02816 0.00284 0.00022 0.00001
   0.0000 0.00000 0.00000 0.00000 0.00000
 130.0000 0.29984-1.26845 0.91817 0.23223 0.03231 0.00340 0.00027 0.00002
   0.0000 0.00000 0.00000 0.00000 0.00000
 135.0000 0.27853-1.27194 0.92562 0.25227 0.03682 0.00403 0.00033 0.00002
   0.0000-0.00000-0.00000-0.00000-0.00000
 140.0000 0.25828-1.27514 0.93121 0.27238 0.04170 0.00475 0.00041 0.00003
   0.0000 0.00000-0.00000-0.00000-0.00000
 145.0000 0.23898-1.27815 0.93522 0.29242 0.04694 0.00555 0.00050 0.00003
   0.0000 0.00000 0.00000 0.00000 0.00000
 150.0000 0.22054-1.28109 0.93791 0.31225 0.05255 0.00645 0.00060 0.00004
   0.0000 0.00000 0.00000 0.00000 0.00000
 155.0000 0.20287-1.28402 0.93951 0.33172 0.05853 0.00745 0.00072 0.00005
   0.0000 0.00000 0.00000 0.00000 0.00000
 160.0000 0.18587-1.28704 0.94021 0.35073 0.06487 0.00856 0.00086 0.00007
   0.0000 0.00000 0.00000 0.00000 0.00000
 165.0000 0.16949-1.29020 0.94018 0.36917 0.07157 0.00977 0.00101 0.00008
   0.0000 0.00000 0.00000 0.00000 0.00000
 170.0000 0.15363-1.29354 0.93958 0.38695 0.07860 0.01110 0.00119 0.00010
   0.0000 0.00000 0.00000 0.00000 0.00000
 175.0000 0.13826-1.29711 0.93851 0.40398 0.08598 0.01256 0.00139 0.00012
   0.0000 0.00000-0.00000-0.00000-0.00000
 180.0000 0.12329-1.30093 0.93711 0.42021 0.09366 0.01414 0.00161 0.00014
   0.0000 0.00000-0.00000-0.00000-0.00000
 185.0000 0.10869-1.30502 0.93546 0.43560 0.10165 0.01585 0.00186 0.00017
   0.0000 0.00000-0.00000-0.00000-0.00000
 190.0000 0.09441-1.30938 0.93365 0.45010 0.10992 0.01770 0.00214 0.00020
   0.0000 0.00000 0.00000 0.00000 0.00000
 195.0000 0.08041-1.31403 0.93175 0.46371 0.11844 0.01968 0.00245 0.00023
   0.0000 0.00000 0.00000 0.00000 0.00000
 200.0000 0.06664-1.31895 0.92983 0.47642 0.12721 0.02181 0.00280 0.00028
   0.0000 0.00000 0.00000 0.00000 0.00000
 205.0000 0.05308-1.32414 0.92793 0.48823 0.13618 0.02408 0.00318 0.00032
   0.0000 0.00000 0.00000 0.00000 0.00000
 210.0000 0.03971-1.32959 0.92610 0.49915 0.14533 0.02650 0.00359 0.00037
   0.0000 0.00000 0.00000 0.00000 0.00000
 215.0000 0.02649-1.33528 0.92438 0.50921 0.15463 0.02908 0.00405 0.00043
   0.0000 0.00000 0.00000 0.00000 0.00000
 220.0000 0.01340-1.34121 0.92280 0.51843 0.16407 0.03180 0.00455 0.00050
   0.0000 0.00000 0.00000 0.00000 0.00000
 225.0000 0.00044-1.34734 0.92139 0.52684 0.17359 0.03468 0.00509 0.00057
   0.0001 0.00000 0.00000 0.00000 0.00000
 230.0000-0.01242-1.35366 0.92016 0.53448 0.18318 0.03771 0.00568 0.00065
   0.0001 0.00000 0.00000 0.00000 0.00000
 235.0000-0.02520-1.36016 0.91915 0.54138 0.19280 0.04090 0.00631 0.00075
   0.0001 0.00001 0.00000-0.00000-0.00000
 240.0000-0.03789-1.36680 0.91835 0.54760 0.20243 0.04424 0.00700 0.00085
   0.0001 0.00001 0.00000 0.00000 0.00000
 245.0000-0.05050-1.37357 0.91777 0.55315 0.21203 0.04774 0.00774 0.00096
   0.0001 0.00001 0.00000-0.00000-0.00000
 250.0000-0.06305-1.38045 0.91743 0.55810 0.22157 0.05139 0.00853 0.00108
   0.0001 0.00001 0.00000 0.00000-0.00000
 255.0000-0.07553-1.38741 0.91732 0.56247 0.23102 0.05519 0.00939 0.00122
   0.0001 0.00001 0.00000-0.00000-0.00000
 260.0000-0.08795-1.39444 0.91743 0.56632 0.24037 0.05913 0.01030 0.00137
   0.0001 0.00001 0.00000-0.00000-0.00000
 265.0000-0.10031-1.40153 0.91778 0.56968 0.24958 0.06322 0.01127 0.00153
   0.0002 0.00001 0.00000 0.00000 0.00000
 270.0000-0.11261-1.40863 0.91834 0.57258 0.25862 0.06745 0.01230 0.00170
   0.0002 0.00002 0.00000-0.00000-0.00000
 275.0000-0.12485-1.41575 0.91912 0.57508 0.26748 0.07182 0.01340 0.00190
   0.0002 0.00002 0.00000 0.00000 0.00000
 280.0000-0.13703-1.42287 0.92009 0.57720 0.27614 0.07632 0.01457 0.00211
   0.0002 0.00002 0.00000 0.00000 0.00000
 285.0000-0.14914-1.42996 0.92125 0.57898 0.28457 0.08094 0.01580 0.00233
   0.0003 0.00002 0.00000-0.00000-0.00000
 290.0000-0.16119-1.43702 0.92259 0.58045 0.29277 0.08568 0.01710 0.00258
   0.0003 0.00003 0.00000 0.00000 0.00000
 295.0000-0.17317-1.44402 0.92409 0.58165 0.30071 0.09054 0.01847 0.00284
   0.0003 0.00003 0.00000 0.00000 0.00000
 300.0000-0.18507-1.45096 0.92573 0.58260 0.30839 0.09550 0.01992 0.00312
   0.0004 0.00004 0.00000 0.00000-0.00000
RELATIVISTIC PHASE SHIFTS FOR OXYGEN O2       
   20.0000   5.0000   57   12
  20.0000 1.50329-0.71346 0.02952 0.00075 0.00002 0.00000 0.00000 0.00000
   0.0000 0.00000 0.00000 0.00000 0.00000
  25.0000 1.36453-0.78982 0.05049 0.00156 0.00004 0.00000-0.00000-0.00000
  -0.0000-0.00000-0.00000-0.00000-0.00000
  30.0000 1.24702-0.85555 0.07797 0.00284 0.00009 0.00000 0.00000 0.00000
   0.0000 0.00000 0.00000 0.00000 0.00000
  35.0000 1.14511-0.91293 0.11209 0.00467 0.00017 0.00000 0.00000 0.00000
   0.0000 0.00000 0.00000 0.00000 0.00000
  40.0000 1.05524-0.96345 0.15270 0.00716 0.00029 0.00001 0.00000 0.00000
   0.0000 0.00000 0.00000 0.00000 0.00000
  45.0000 0.97500-1.00815 0.19930 0.01039 0.00048 0.00002 0.00000-0.00000
  -0.0000-0.00000-0.00000-0.00000-0.00000
  50.0000 0.90267-1.04781 0.25103 0.01444 0.00074 0.00003 0.00000 0.00000
   0.0000 0.00000 0.00000 0.00000 0.00000
  55.0000 0.83700-1.08303 0.30665 0.01937 0.00110 0.00005 0.00000 0.00000
  -0.0000-0.00000-0.00000-0.00000-0.00000
  60.0000 0.77701-1.11428 0.36468 0.02526 0.00156 0.00007 0.00000 0.00000
   0.0000 0.00000 0.00000 0.00000 0.00000
  65.0000 0.72196-1.14197 0.42344 0.03214 0.00215 0.00011 0.00000 0.00000
  -0.0000-0.00000-0.00000-0.00000-0.00000
  70.0000 0.67124-1.16645 0.48131 0.04005 0.00288 0.00016 0.00001 0.00000
   0.0000 0.00000 0.00000 0.00000 0.00000
  75.0000 0.62436-1.18802 0.53684 0.04902 0.00378 0.00022 0.00001 0.00000
   0.0000 0.00000 0.00000 0.00000 0.00000
  80.0000 0.58090-1.20696 0.58888 0.05905 0.00486 0.00031 0.00001 0.00000
  -0.0000-0.00000-0.00000-0.00000-0.00000
  85.0000 0.54052-1.22352 0.63664 0.07014 0.00614 0.00041 0.00002 0.00000
  -0.0000-0.00000-0.00000-0.00000-0.00000
  90.0000 0.50291-1.23795 0.67967 0.08228 0.00763 0.00054 0.00003 0.00000
  -0.0000-0.00000-0.00000-0.00000-0.00000
  95.0000 0.46780-1.25045 0.71783 0.09542 0.00936 0.00071 0.00004 0.00000
   0.0000 0.00000 0.00000 0.00000 0.00000
 100.0000 0.43498-1.26126 0.75121 0.10952 0.01134 0.00090 0.00005 0.00000
   0.0000 0.00000 0.00000 0.00000 0.00000
 105.0000 0.40423-1.27057 0.78005 0.12451 0.01358 0.00114 0.00007 0.00000
   0.0000 0.00000 0.00000 0.00000 0.00000
 110.0000 0.37536-1.27858 0.80471 0.14032 0.01610 0.00142 0.00009 0.00000
   0.0000-0.00000-0.00000-0.00000-0.00000
 115.0000 0.34821-1.28547 0.82557 0.15686 0.01891 0.00174 0.00012 0.00001
   0.0000 0.00000 0.00000 0.00000 0.00000
 120.0000 0.32263-1.29141 0.84304 0.17401 0.02203 0.00213 0.00016 0.00001
   0.0000 0.00000 0.00000 0.00000 0.00000
 125.0000 0.29847-1.29657 0.85752 0.19168 0.02545 0.00257 0.00020 0.00001
   0.0000 0.00000 0.00000 0.00000 0.00000
 130.0000 0.27560-1.30109 0.86939 0.20973 0.02920 0.00307 0.00024 0.00001
   0.0000 0.00000 0.00000 0.00000 0.00000
 135.0000 0.25392-1.30511 0.87898 0.22804 0.03327 0.00364 0.00030 0.00002
   0.0000-0.00000-0.00000-0.00000-0.00000
 140.0000 0.23329-1.30876 0.88662 0.24650 0.03767 0.00429 0.00037 0.00002
   0.0000 0.00000-0.00000-0.00000-0.00000
 145.0000 0.21364-1.31216 0.89259 0.26496 0.04241 0.00502 0.00045 0.00003
   0.0000 0.00000 0.00000 0.00000 0.00000
 150.0000 0.19485-1.31539 0.89713 0.28331 0.04747 0.00583 0.00054 0.00004
   0.0000 0.00000 0.00000 0.00000 0.00000
 155.0000 0.17685-1.31855 0.90047 0.30144 0.05287 0.00673 0.00065 0.00005
   0.0000 0.00000 0.00000 0.00000 0.00000
 160.0000 0.15955-1.32170 0.90280 0.31923 0.05860 0.00773 0.00077 0.00006
   0.0000 0.00000 0.00000 0.00000 0.00000
 165.0000 0.14289-1.32492 0.90430 0.33659 0.06465 0.00883 0.00091 0.00007
   0.0000 0.00000 0.00000 0.00000 0.00000
 170.0000 0.12679-1.32825 0.90511 0.35343 0.07101 0.01003 0.00107 0.00009
   0.0000 0.00000 0.00000 0.00000 0.00000
 175.0000 0.11119-1.33173 0.90536 0.36968 0.07768 0.01135 0.00125 0.00011
   0.0000 0.00000-0.00000-0.00000-0.00000
 180.0000 0.09604-1.33539 0.90518 0.38527 0.08464 0.01277 0.00145 0.00013
   0.0000 0.00000-0.00000-0.00000-0.00000
 185.0000 0.08129-1.33926 0.90465 0.40016 0.09187 0.01432 0.00168 0.00015
   0.0000 0.00000-0.00000-0.00000-0.00000
 190.0000 0.06689-1.34335 0.90387 0.41430 0.09936 0.01599 0.00193 0.00018
   0.0000 0.00000 0.00000 0.00000 0.00000
 195.0000 0.05280-1.34767 0.90292 0.42768 0.10710 0.01778 0.00221 0.00021
   0.0000 0.00000 0.00000 0.00000 0.00000
 200.0000 0.03898-1.35222 0.90185 0.44027 0.11506 0.01970 0.00252 0.00025
   0.0000 0.00000 0.00000 0.00000 0.00000
 205.0000 0.02540-1.35701 0.90073 0.45207 0.12321 0.02176 0.00287 0.00029
   0.0000 0.00000 0.00000 0.00000 0.00000
 210.0000 0.01203-1.36201 0.89961 0.46309 0.13155 0.02394 0.00324 0.00034
   0.0000 0.00000 0.00000 0.00000 0.00000
 215.0000-0.00114-1.36724 0.89852 0.47333 0.14003 0.02627 0.00365 0.00039
   0.0000 0.00000 0.00000 0.00000 0.00000
 220.0000-0.01416-1.37267 0.89750 0.48281 0.14865 0.02873 0.00410 0.00045
   0.0000 0.00000 0.00000 0.00000 0.00000
 225.0000-0.02703-1.37830 0.89659 0.49155 0.15736 0.03133 0.00459 0.00052
   0.0000 0.00000 0.00000 0.00000 0.00000
 230.0000-0.03976-1.38410 0.89581 0.49958 0.16616 0.03407 0.00512 0.00059
   0.0001 0.00000 0.00000 0.00000 0.00000
 235.0000-0.05239-1.39006 0.89517 0.50693 0.17500 0.03695 0.00570 0.00067
   0.0001 0.00000 0.00000-0.00000-0.00000
 240.0000-0.06490-1.39616 0.89469 0.51363 0.18387 0.03998 0.00632 0.00076
   0.0001 0.00001 0.00000 0.00000 0.00000
 245.0000-0.07733-1.40239 0.89438 0.51971 0.19273 0.04314 0.00699 0.00086
   0.0001 0.00001 0.00000-0.00000-0.00000
 250.0000-0.08966-1.40873 0.89426 0.52520 0.20156 0.04644 0.00770 0.00098
   0.0001 0.00001 0.00000 0.00000-0.00000
 255.0000-0.10191-1.41515 0.89432 0.53015 0.21034 0.04987 0.00847 0.00110
   0.0001 0.00001 0.00000-0.00000-0.00000
 260.0000-0.11409-1.42165 0.89458 0.53458 0.21904 0.05344 0.00929 0.00123
   0.0001 0.00001 0.00000-0.00000-0.00000
 265.0000-0.12619-1.42821 0.89501 0.53854 0.22764 0.05715 0.01017 0.00138
   0.0001 0.00001 0.00000 0.00000 0.00000
 270.0000-0.13822-1.43480 0.89564 0.54205 0.23611 0.06098 0.01111 0.00154
   0.0002 0.00001 0.00000-0.00000-0.00000
 275.0000-0.15018-1.44141 0.89644 0.54515 0.24444 0.06493 0.01210 0.00171
   0.0002 0.00002 0.00000 0.00000 0.00000
 280.0000-0.16207-1.44803 0.89741 0.54788 0.25261 0.06901 0.01315 0.00190
   0.0002 0.00002 0.00000 0.00000 0.00000
 285.0000-0.17388-1.45464 0.89854 0.55026 0.26060 0.07320 0.01426 0.00210
   0.0002 0.00002 0.00000-0.00000-0.00000
 290.0000-0.18563-1.46123 0.89983 0.55233 0.26839 0.07751 0.01544 0.00232
   0.0003 0.00003 0.00000 0.00000 0.00000
 295.0000-0.19730-1.46778 0.90126 0.55412 0.27597 0.08192 0.01668 0.00256
   0.0003 0.00003 0.00000 0.00000 0.00000
 300.0000-0.20889-1.47428 0.90281 0.55564 0.28333 0.08642 0.01798 0.00282
   0.0003 0.00003 0.00000 0.00000-0.00000
RELATIVISTIC PHASE SHIFTS FOR ZINC Zn1        
   20.0000   5.0000   57   12
  20.0000 0.06648 0.85790 0.36819 0.15475 0.01219 0.00079 0.00004 0.00000
   0.0000 0.00000 0.00000 0.00000 0.00000
  25.0000-0.13688 0.69105 0.49066 0.28809 0.02853 0.00233 0.00015 0.00001
   0.0000 0.00000 0.00000 0.00000 0.00000
  30.0000-0.29938 0.54571 0.54387 0.44432 0.05561 0.00547 0.00042 0.00002
   0.0000 0.00000 0.00000 0.00000 0.00000
  35.0000-0.43035 0.42061 0.54764 0.58996 0.09521 0.01101 0.00099 0.00007
   0.0000 0.00000-0.00000-0.00000-0.00000
  40.0000-0.53642 0.31422 0.52287 0.70122 0.14753 0.01981 0.00205 0.00016
   0.0000 0.00000 0.00000-0.00000-0.00000
  45.0000-0.62305 0.22498 0.48368 0.77382 0.21054 0.03266 0.00385 0.00035
   0.0000 0.00000 0.00000 0.00000 0.00000
  50.0000-0.69508 0.15121 0.43880 0.81496 0.27993 0.05025 0.00666 0.00068
   0.0001 0.00000 0.00000-0.00000-0.00000
  55.0000-0.75684 0.09100 0.39366 0.83434 0.34990 0.07299 0.01078 0.00123
   0.0001 0.00001 0.00000-0.00000-0.00000
  60.0000-0.81203 0.04217 0.35168 0.84036 0.41469 0.10095 0.01654 0.00208
   0.0002 0.00002 0.00000-0.00000-0.00000
  65.0000-0.86362 0.00228 0.31506 0.83939 0.47004 0.13373 0.02424 0.00334
   0.0004 0.00003 0.00000 0.00000-0.00000
  70.0000-0.91375-0.03121 0.28511 0.83615 0.51383 0.17043 0.03415 0.00513
   0.0006 0.00006 0.00000 0.00000 0.00000
  75.0000-0.96380-0.06072 0.26251 0.83412 0.54586 0.20971 0.04649 0.00759
   0.0010 0.00010 0.00001 0.00000-0.00000
  80.0000-1.01450-0.08836 0.24731 0.83588 0.56719 0.24990 0.06139 0.01084
   0.0015 0.00016 0.00001 0.00000 0.00000
  85.0000-1.06611-0.11580 0.23902 0.84323 0.57953 0.28921 0.07886 0.01502
   0.0022 0.00026 0.00002 0.00000 0.00000
  90.0000-1.11856-0.14418 0.23663 0.85732 0.58478 0.32601 0.09879 0.02029
   0.0032 0.00040 0.00004 0.00000 0.00000
  95.0000-1.17160-0.17414 0.23874 0.87858 0.58477 0.35899 0.12091 0.02675
   0.0045 0.00060 0.00007 0.00001 0.00000
 100.0000-1.22487-0.20595 0.24371 0.90672 0.58115 0.38727 0.14481 0.03452
   0.0062 0.00088 0.00010 0.00001 0.00000
 105.0000-1.27799-0.23956 0.24984 0.94068 0.57534 0.41041 0.16997 0.04367
   0.0083 0.00126 0.00015 0.00002 0.00000
 110.0000-1.33057-0.27473 0.25563 0.97878 0.56857 0.42839 0.19575 0.05425
   0.0110 0.00176 0.00023 0.00002 0.00000
 115.0000-1.38225-0.31109 0.25986 1.01894 0.56186 0.44147 0.22146 0.06625
   0.0143 0.00240 0.00033 0.00004 0.00000
 120.0000-1.43272-0.34824 0.26171 1.05898 0.55608 0.45010 0.24644 0.07964
   0.0182 0.00322 0.00046 0.00005 0.00001
 125.0000-1.48170-0.38576 0.26074 1.09698 0.55190 0.45487 0.27005 0.09431
   0.0228 0.00426 0.00064 0.00008 0.00001
 130.0000-1.52895-0.42324 0.25685 1.13150 0.54987 0.45640 0.29178 0.11011
   0.0282 0.00554 0.00087 0.00011 0.00001
 135.0000 1.56728-0.46032 0.25018 1.16171 0.55038 0.45534 0.31121 0.12684
   0.0344 0.00710 0.00117 0.00016 0.00002
 140.0000 1.52397-0.49666 0.24107 1.18730 0.55365 0.45229 0.32808 0.14424
   0.0415 0.00898 0.00155 0.00022 0.00003
 145.0000 1.48278-0.53198 0.22994 1.20844 0.55977 0.44784 0.34226 0.16205
   0.0494 0.01121 0.00202 0.00030 0.00004
 150.0000 1.44377-0.56604 0.21725 1.22558 0.56867 0.44249 0.35372 0.17994
   0.0582 0.01384 0.00261 0.00040 0.00005
 155.0000 1.40695-0.59865 0.20348 1.23937 0.58011 0.43674 0.36254 0.19761
   0.0678 0.01690 0.00332 0.00053 0.00007
 160.0000 1.37228-0.62966 0.18910 1.25053 0.59376 0.43101 0.36889 0.21476
   0.0782 0.02043 0.00418 0.00070 0.00010
 165.0000 1.33969-0.65898 0.17453 1.25980 0.60912 0.42566 0.37297 0.23110
   0.0894 0.02444 0.00521 0.00090 0.00013
 170.0000 1.30907-0.68657 0.16015 1.26785 0.62566 0.42101 0.37503 0.24637
   0.1012 0.02898 0.00643 0.00115 0.00017
 175.0000 1.28027-0.71240 0.14627 1.27532 0.64280 0.41734 0.37535 0.26039
   0.1135 0.03405 0.00786 0.00146 0.00022
 180.0000 1.25314-0.73652 0.13316 1.28274 0.65996 0.41484 0.37419 0.27299
   0.1262 0.03968 0.00952 0.00184 0.00029
 185.0000 1.22748-0.75901 0.12104 1.29056 0.67664 0.41370 0.37184 0.28407
   0.1392 0.04586 0.01144 0.00229 0.00038
 190.0000 1.20310-0.77996 0.11005 1.29913 0.69239 0.41400 0.36857 0.29356
   0.1522 0.05260 0.01364 0.00283 0.00048
 195.0000 1.17980-0.79952 0.10030 1.30869 0.70688 0.41580 0.36463 0.30147
   0.1652 0.05988 0.01613 0.00346 0.00061
 200.0000 1.15736-0.81784 0.09182 1.31937 0.71988 0.41910 0.36028 0.30781
   0.1780 0.06767 0.01893 0.00420 0.00077
 205.0000 1.13560-0.83510 0.08460 1.33123 0.73128 0.42383 0.35572 0.31265
   0.1904 0.07594 0.02207 0.00507 0.00095
 210.0000 1.11433-0.85150 0.07857 1.34421 0.74107 0.42989 0.35118 0.31607
   0.2023 0.08465 0.02556 0.00607 0.00118
 215.0000 1.09339-0.86721 0.07364 1.35819 0.74929 0.43713 0.34684 0.31819
   0.2136 0.09375 0.02941 0.00722 0.00144
 220.0000 1.07264-0.88242 0.06967 1.37295 0.75607 0.44534 0.34287 0.31912
   0.2241 0.10316 0.03363 0.00853 0.00176
 225.0000 1.05197-0.89729 0.06648 1.38825 0.76159 0.45432 0.33940 0.31901
   0.2337 0.11282 0.03822 0.01001 0.00213
 230.0000 1.03128-0.91199 0.06389 1.40381 0.76603 0.46382 0.33657 0.31799
   0.2425 0.12264 0.04319 0.01168 0.00256
 235.0000 1.01051-0.92664 0.06172 1.41933 0.76962 0.47359 0.33447 0.31620
   0.2502 0.13255 0.04854 0.01355 0.00306
 240.0000 0.98962-0.94135 0.05977 1.43454 0.77256 0.48341 0.33318 0.31379
   0.2570 0.14245 0.05424 0.01564 0.00363
 245.0000 0.96859-0.95620 0.05785 1.44916 0.77508 0.49305 0.33275 0.31089
   0.2627 0.15226 0.06030 0.01795 0.00429
 250.0000 0.94741-0.97127 0.05582 1.46300 0.77739 0.50231 0.33321 0.30764
   0.2675 0.16188 0.06668 0.02050 0.00503
 255.0000 0.92609-0.98658 0.05352 1.47588 0.77966 0.51104 0.33457 0.30416
   0.2713 0.17123 0.07337 0.02329 0.00588
 260.0000 0.90467-1.00214 0.05086 1.48769 0.78208 0.51910 0.33680 0.30059
   0.2741 0.18024 0.08034 0.02633 0.00684
 265.0000 0.88318-1.01797 0.04773 1.49838 0.78477 0.52640 0.33987 0.29702
   0.2761 0.18882 0.08755 0.02963 0.00791
 270.0000 0.86167-1.03404 0.04409 1.50792 0.78788 0.53289 0.34370 0.29356
   0.2773 0.19692 0.09496 0.03319 0.00911
 275.0000 0.84018-1.05032 0.03991 1.51635 0.79148 0.53856 0.34823 0.29032
   0.2777 0.20447 0.10252 0.03702 0.01045
 280.0000 0.81876-1.06677 0.03519 1.52373 0.79566 0.54340 0.35334 0.28736
   0.2775 0.21143 0.11020 0.04111 0.01192
 285.0000 0.79748-1.08334 0.02995 1.53016 0.80044 0.54746 0.35894 0.28478
   0.2766 0.21777 0.11794 0.04546 0.01355
 290.0000 0.77638-1.09997 0.02421 1.53574 0.80583 0.55079 0.36490 0.28262
   0.2753 0.22346 0.12569 0.05006 0.01534
 295.0000 0.75552-1.11661 0.01805 1.54061 0.81183 0.55347 0.37110 0.28095
   0.2735 0.22849 0.13340 0.05491 0.01729
 300.0000 0.73495-1.13320 0.01150 1.54490 0.81840 0.55558 0.37743 0.27981
   0.2713 0.23284 0.14101 0.05999 0.01941
RELATIVISTIC PHASE SHIFTS FOR ZINC Zn2        
   20.0000   5.0000   57   12
  20.0000 0.10974 0.94674 0.54523 0.21689 0.01626 0.00105 0.00005 0.00000
   0.0000 0.00000 0.00000 0.00000 0.00000
  25.0000-0.09905 0.75929 0.66501 0.40313 0.03830 0.00309 0.00019 0.00001
   0.0000 0.00000 0.00000 0.00000 0.00000
  30.0000-0.26334 0.60025 0.69329 0.60397 0.07512 0.00727 0.00055 0.00003
   0.0000 0.00000 0.00000 0.00000 0.00000
  35.0000-0.39299 0.46613 0.67058 0.76521 0.12925 0.01466 0.00131 0.00009
   0.0000 0.00000-0.00000-0.00000-0.00000
  40.0000-0.49529 0.35437 0.62328 0.86722 0.20055 0.02642 0.00273 0.00022
   0.0000 0.00000 0.00000-0.00000-0.00000
  45.0000-0.57655 0.26282 0.56600 0.91971 0.28499 0.04368 0.00512 0.00047
   0.0000 0.00000 0.00000 0.00000 0.00000
  50.0000-0.64261 0.18937 0.50688 0.93903 0.37471 0.06736 0.00885 0.00091
   0.0001 0.00000 0.00000-0.00000-0.00000
  55.0000-0.69880 0.13159 0.45075 0.93857 0.46028 0.09800 0.01435 0.00164
   0.0001 0.00001 0.00000-0.00000-0.00000
  60.0000-0.74961 0.08667 0.40060 0.92769 0.53385 0.13558 0.02204 0.00278
   0.0003 0.00002 0.00000-0.00000-0.00000
  65.0000-0.79844 0.05143 0.35832 0.91283 0.59121 0.17931 0.03233 0.00446
   0.0005 0.00004 0.00000 0.00000-0.00000
  70.0000-0.84753 0.02255 0.32503 0.89852 0.63175 0.22761 0.04560 0.00684
   0.0008 0.00008 0.00001 0.00000 0.00000
  75.0000-0.89809-0.00305 0.30122 0.88804 0.65712 0.27820 0.06212 0.01011
   0.0013 0.00013 0.00001 0.00000-0.00000
  80.0000-0.95055-0.02797 0.28669 0.88382 0.67001 0.32843 0.08205 0.01445
   0.0020 0.00022 0.00002 0.00000 0.00000
  85.0000-1.00484-0.05404 0.28058 0.88760 0.67325 0.37571 0.10536 0.02004
   0.0030 0.00035 0.00003 0.00000 0.00000
  90.0000-1.06057-0.08239 0.28142 0.90039 0.66947 0.41795 0.13181 0.02707
   0.0043 0.00054 0.00006 0.00000 0.00000
  95.0000-1.11720-0.11350 0.28721 0.92243 0.66092 0.45373 0.16095 0.03570
   0.0060 0.00081 0.00009 0.00001 0.00000
 100.0000-1.17418-0.14737 0.29571 0.95304 0.64947 0.48241 0.19209 0.04607
   0.0083 0.00118 0.00014 0.00001 0.00000
 105.0000-1.23095-0.18368 0.30472 0.99058 0.63668 0.50396 0.22437 0.05827
   0.0111 0.00169 0.00021 0.00002 0.00000
 110.0000-1.28701-0.22195 0.31239 1.03263 0.62384 0.51884 0.25680 0.07236
   0.0147 0.00236 0.00031 0.00003 0.00000
 115.0000-1.34190-0.26162 0.31736 1.07636 0.61201 0.52777 0.28840 0.08831
   0.0190 0.00322 0.00044 0.00005 0.00000
 120.0000-1.39526-0.30209 0.31882 1.11897 0.60205 0.53160 0.31823 0.10602
   0.0243 0.00432 0.00062 0.00007 0.00001
 125.0000-1.44676-0.34284 0.31650 1.15817 0.59465 0.53124 0.34550 0.12532
   0.0304 0.00571 0.00086 0.00011 0.00001
 130.0000-1.49614-0.38335 0.31051 1.19247 0.59034 0.52756 0.36963 0.14596
   0.0376 0.00742 0.00118 0.00015 0.00002
 135.0000-1.54321-0.42318 0.30122 1.22116 0.58947 0.52137 0.39025 0.16761
   0.0459 0.00951 0.00158 0.00021 0.00002
 140.0000 1.55376-0.46194 0.28918 1.24425 0.59224 0.51342 0.40719 0.18988
   0.0553 0.01202 0.00209 0.00030 0.00004
 145.0000 1.51169-0.49933 0.27499 1.26222 0.59863 0.50437 0.42046 0.21234
   0.0658 0.01501 0.00272 0.00040 0.00005
 150.0000 1.47218-0.53507 0.25928 1.27584 0.60846 0.49482 0.43022 0.23453
   0.0775 0.01852 0.00351 0.00054 0.00007
 155.0000 1.43524-0.56897 0.24264 1.28602 0.62136 0.48529 0.43671 0.25603
   0.0902 0.02261 0.00447 0.00072 0.00010
 160.0000 1.40077-0.60089 0.22563 1.29369 0.63677 0.47623 0.44025 0.27643
   0.1039 0.02731 0.00562 0.00094 0.00013
 165.0000 1.36868-0.63073 0.20875 1.29974 0.65402 0.46803 0.44122 0.29537
   0.1185 0.03267 0.00700 0.00122 0.00018
 170.0000 1.33879-0.65848 0.19240 1.30497 0.67238 0.46104 0.43997 0.31257
   0.1338 0.03871 0.00864 0.00156 0.00023
 175.0000 1.31091-0.68415 0.17694 1.31008 0.69108 0.45552 0.43690 0.32783
   0.1496 0.04546 0.01055 0.00198 0.00031
 180.0000 1.28480-0.70782 0.16266 1.31567 0.70941 0.45167 0.43235 0.34102
   0.1659 0.05294 0.01278 0.00249 0.00040
 185.0000 1.26023-0.72962 0.14978 1.32221 0.72676 0.44965 0.42668 0.35207
   0.1822 0.06113 0.01535 0.00309 0.00051
 190.0000 1.23691-0.74970 0.13841 1.33003 0.74264 0.44954 0.42022 0.36100
   0.1985 0.07004 0.01828 0.00382 0.00066
 195.0000 1.21461-0.76827 0.12865 1.33937 0.75674 0.45135 0.41328 0.36786
   0.2145 0.07963 0.02161 0.00467 0.00083
 200.0000 1.19304-0.78556 0.12049 1.35030 0.76887 0.45503 0.40612 0.37277
   0.2299 0.08986 0.02536 0.00567 0.00104
 205.0000 1.17199-0.80179 0.11387 1.36282 0.77898 0.46046 0.39901 0.37585
   0.2447 0.10068 0.02955 0.00683 0.00129
 210.0000 1.15125-0.81721 0.10866 1.37678 0.78714 0.46746 0.39217 0.37726
   0.2585 0.11201 0.03419 0.00817 0.00160
 215.0000 1.13062-0.83207 0.10470 1.39194 0.79350 0.47580 0.38581 0.37720
   0.2713 0.12376 0.03932 0.00971 0.00196
 220.0000 1.10996-0.84658 0.10178 1.40799 0.79828 0.48519 0.38011 0.37583
   0.2829 0.13584 0.04492 0.01147 0.00238
 225.0000 1.08916-0.86094 0.09966 1.42457 0.80172 0.49532 0.37521 0.37334
   0.2932 0.14814 0.05102 0.01346 0.00288
 230.0000 1.06813-0.87533 0.09808 1.44129 0.80410 0.50590 0.37125 0.36993
   0.3023 0.16054 0.05759 0.01570 0.00346
 235.0000 1.04684-0.88990 0.09679 1.45777 0.80569 0.51659 0.36831 0.36577
   0.3100 0.17291 0.06464 0.01820 0.00413
 240.0000 1.02526-0.90474 0.09557 1.47366 0.80677 0.52710 0.36648 0.36105
   0.3163 0.18513 0.07215 0.02099 0.00491
 245.0000 1.00340-0.91993 0.09417 1.48866 0.80761 0.53718 0.36578 0.35593
   0.3214 0.19709 0.08010 0.02408 0.00579
 250.0000 0.98127-0.93551 0.09243 1.50254 0.80842 0.54660 0.36622 0.35057
   0.3252 0.20865 0.08844 0.02748 0.00680
 255.0000 0.95893-0.95151 0.09019 1.51513 0.80944 0.55520 0.36779 0.34511
   0.3278 0.21972 0.09715 0.03119 0.00794
 260.0000 0.93643-0.96790 0.08734 1.52636 0.81085 0.56286 0.37043 0.33971
   0.3294 0.23020 0.10617 0.03524 0.00923
 265.0000 0.91383-0.98466 0.08381 1.53620 0.81280 0.56949 0.37407 0.33447
   0.3298 0.24000 0.11545 0.03963 0.01067
 270.0000 0.89120-1.00175 0.07958 1.54467 0.81541 0.57510 0.37860 0.32953
   0.3294 0.24904 0.12493 0.04436 0.01228
 275.0000 0.86861-1.01910 0.07463 1.55188 0.81878 0.57968 0.38391 0.32498
   0.3281 0.25728 0.13455 0.04943 0.01407
 280.0000 0.84614-1.03664 0.06899 1.55793 0.82294 0.58329 0.38984 0.32092
   0.3261 0.26467 0.14423 0.05483 0.01605
 285.0000 0.82386-1.05430 0.06273 1.56297 0.82793 0.58600 0.39625 0.31742
   0.3235 0.27118 0.15390 0.06057 0.01823
 290.0000 0.80184-1.07201 0.05590 1.56717 0.83372 0.58792 0.40297 0.31454
   0.3204 0.27681 0.16350 0.06662 0.02062
 295.0000 0.78014-1.08968 0.04860 1.57068 0.84027 0.58916 0.40986 0.31233
   0.3169 0.28155 0.17294 0.07298 0.02322
 300.0000 0.75882-1.10723 0.04092-1.56791 0.84749 0.58983 0.41675 0.31084
   0.3130 0.28543 0.18216 0.07962 0.02606
