RELATIVISTIC PHASE SHIFTS FOR OXYGEN O1       
   20.0000   5.0000   57   12
  20.0000 0.13100 1.21995-0.15916-0.21771-0.08018 0.00611-0.00015-0.00003
   0.0000 0.00000 0.00000 0.00000 0.00000
  25.0000-0.19357 0.92557-0.07892-0.33219-0.14425 0.02467-0.00044-0.00012
   0.0000 0.00000 0.00000 0.00000 0.00000
  30.0000-0.48053 0.66130 0.05014-0.45174-0.22261 0.08891-0.00101-0.00036
   0.0001 0.00000-0.00000-0.00000-0.00000
  35.0000-0.73866 0.42030 0.16183-0.57046-0.31111 0.35979-0.00182-0.00088
   0.0011 0.00000 0.00000 0.00000 0.00000
  40.0000-0.97358 0.19815 0.21244-0.68431-0.40630-1.44139-0.00267-0.00184
  -0.0049 0.00001 0.00000 0.00000 0.00000
  45.0000-1.18903-0.00819 0.20273-0.79028-0.50551-0.76012-0.00297-0.00342
  -0.0032 0.00003 0.00000-0.00000-0.00000
  50.0000-1.38762-0.20086 0.15007-0.88588-0.60673-0.65275-0.00169-0.00583
  -0.0039 0.00009 0.00000 0.00000-0.00000
  55.0000 1.57040-0.38143 0.07019-0.96877-0.70847-0.65047 0.00293-0.00923
  -0.0054 0.00022 0.00001 0.00000 0.00000
  60.0000 1.40059-0.55102-0.02622-1.03665-0.80958-0.68385 0.01363-0.01376
  -0.0076 0.00051 0.00001 0.00000-0.00000
  65.0000 1.24369-0.71047-0.13237-1.08727-0.90919-0.73408 0.03464-0.01945
  -0.0105 0.00113 0.00003 0.00000-0.00000
  70.0000 1.09919-0.86034-0.24399-1.11875-1.00661-0.79381 0.07255-0.02629
  -0.0144 0.00244 0.00006 0.00000 0.00000
  75.0000 0.96683-1.00100-0.35833-1.13016-1.10124-0.85938 0.13758-0.03414
  -0.0193 0.00527 0.00013 0.00001 0.00000
  80.0000 0.84662-1.13265-0.47362-1.12248-1.19255-0.92873 0.24508-0.04277
  -0.0253 0.01178 0.00024 0.00001 0.00000
  85.0000 0.73875-1.25530-0.58866-1.09946-1.28006-1.00051 0.41450-0.05181
  -0.0325 0.02946 0.00043 0.00002 0.00000
  90.0000 0.64354-1.36882-0.70263-1.06772-1.36328-1.07380 0.65615-0.06079
  -0.0409 0.11043 0.00075 0.00004 0.00000
  95.0000 0.56140-1.47294-0.81497-1.03547-1.44171-1.14791 0.94031-0.06909
  -0.0506-0.32165 0.00129 0.00006 0.00000
 100.0000 0.49268-1.56722-0.92526-1.01020-1.51483-1.22232 1.19745-0.07595
  -0.0615-0.11697 0.00217 0.00011 0.00001
 105.0000 0.43753 1.49048-1.03319-0.99692 1.55954-1.29661 1.38215-0.08045
  -0.0736-0.09309 0.00357 0.00018 0.00001
 110.0000 0.39568 1.41763-1.13853-0.99767 1.49883-1.37042 1.49612-0.08142
  -0.0868-0.08871 0.00580 0.00029 0.00002
 115.0000 0.36619 1.35655-1.24107-1.01224 1.44528-1.44345 1.55827-0.07748
  -0.1010-0.09102 0.00935 0.00046 0.00003
 120.0000 0.34726 1.30788-1.34066-1.03912 1.39958-1.51543-1.55613-0.06695
  -0.1161-0.09682 0.01503 0.00071 0.00005
 125.0000 0.33624 1.27205-1.43713-1.07635 1.36239 1.55547-1.55236-0.04780
  -0.1317-0.10493 0.02432 0.00108 0.00007
 130.0000 0.32980 1.24904-1.53033-1.12192 1.33428 1.48629-1.56457-0.01769
  -0.1478-0.11480 0.04002 0.00162 0.00011
 135.0000 0.32446 1.23812 1.52149-1.17406 1.31561 1.41885 1.55365 0.02596
  -0.1641-0.12615 0.06828 0.00238 0.00017
 140.0000 0.31704 1.23759 1.43531-1.23125 1.30641 1.35338 1.52230 0.08561
  -0.1803-0.13876 0.12531 0.00348 0.00025
 145.0000 0.30514 1.24476 1.35290-1.29223 1.30618 1.29008 1.48517 0.16291
  -0.1961-0.15251 0.27005 0.00502 0.00036
 150.0000 0.28730 1.25617 1.27447-1.35599 1.31379 1.22920 1.44379 0.25756
  -0.2112-0.16727 0.88512 0.00717 0.00052
 155.0000 0.26291 1.26810 1.20021-1.42169 1.32742 1.17097 1.39931 0.36604
  -0.2252-0.18293-0.79939 0.01017 0.00074
 160.0000 0.23203 1.27718 1.13037-1.48867 1.34466 1.11564 1.35256 0.48125
  -0.2377-0.19938-0.44438 0.01435 0.00104
 165.0000 0.19513 1.28088 1.06520-1.55638 1.36282 1.06349 1.30419 0.59392
  -0.2482-0.21652-0.34433 0.02018 0.00144
 170.0000 0.15293 1.27770 1.00497 1.51726 1.37926 1.01481 1.25471 0.69541
  -0.2562-0.23422-0.30426 0.02834 0.00198
 175.0000 0.10623 1.26710 0.94994 1.44942 1.39178 0.96990 1.20454 0.78011
  -0.2611-0.25237-0.28712 0.03987 0.00271
 180.0000 0.05582 1.24925 0.90040 1.38204 1.39881 0.92907 1.15402 0.84603
  -0.2623-0.27084-0.28131 0.05640 0.00366
 185.0000 0.00245 1.22477 0.85657 1.31539 1.39948 0.89266 1.10344 0.89380
  -0.2590-0.28951-0.28209 0.08059 0.00491
 190.0000-0.05320 1.19452 0.81865 1.24974 1.39350 0.86096 1.05306 0.92549
  -0.2505-0.30823-0.28712 0.11718 0.00654
 195.0000-0.11053 1.15942 0.78675 1.18532 1.38106 0.83429 1.00309 0.94357
  -0.2360-0.32685-0.29514 0.17515 0.00865
 200.0000-0.16901 1.12038 0.76086 1.12233 1.36262 0.81289 0.95376 0.95045
  -0.2147-0.34522-0.30537 0.27359 0.01140
 205.0000-0.22818 1.07826 0.74078 1.06097 1.33881 0.79692 0.90523 0.94823
  -0.1859-0.36317-0.31731 0.45794 0.01494
 210.0000-0.28763 1.03382 0.72613 1.00145 1.31030 0.78644 0.85771 0.93866
  -0.1493-0.38053-0.33061 0.83735 0.01950
 215.0000-0.34700 0.98775 0.71629 0.94395 1.27779 0.78133 0.81136 0.92316
  -0.1047-0.39709-0.34501 1.49679 0.02539
 220.0000-0.40597 0.94067 0.71043 0.88865 1.24190 0.78127 0.76635 0.90290
  -0.0526-0.41266-0.36032-1.08387 0.03299
 225.0000-0.46424 0.89312 0.70748 0.83575 1.20322 0.78570 0.72286 0.87880
   0.0058-0.42702-0.37636-0.80247 0.04283
 230.0000-0.52155 0.84559 0.70629 0.78544 1.16229 0.79382 0.68107 0.85163
   0.0685-0.43992-0.39299-0.66368 0.05563
 235.0000-0.57765 0.79854 0.70563 0.73790 1.11957 0.80462 0.64114 0.82200
   0.1329-0.45110-0.41009-0.58874 0.07240
 240.0000-0.63231 0.75237 0.70435 0.69332 1.07547 0.81694 0.60327 0.79043
   0.1963-0.46029-0.42754-0.54588 0.09457
 245.0000-0.68529 0.70748 0.70147 0.65190 1.03036 0.82955 0.56763 0.75734
   0.2560-0.46719-0.44523-0.52108 0.12427
 250.0000-0.73637 0.66425 0.69617 0.61381 0.98455 0.84127 0.53443 0.72309
   0.3099-0.47148-0.46306-0.50746 0.16471
 255.0000-0.78535 0.62305 0.68792 0.57922 0.93834 0.85105 0.50383 0.68799
   0.3564-0.47282-0.48093-0.50122 0.22096
 260.0000-0.83200 0.58423 0.67638 0.54826 0.89198 0.85806 0.47605 0.65229
   0.3948-0.47088-0.49872-0.50016 0.30123
 265.0000-0.87612 0.54817 0.66143 0.52105 0.84570 0.86170 0.45125 0.61625
   0.4251-0.46531-0.51633-0.50287 0.41898
 270.0000-0.91750 0.51521 0.64311 0.49765 0.79971 0.86163 0.42962 0.58005
   0.4476-0.45578-0.53367-0.50843 0.59535
 275.0000-0.95593 0.48573 0.62158 0.47804 0.75422 0.85768 0.41130 0.54389
   0.4628-0.44199-0.55060-0.51619 0.85562
 280.0000-0.99123 0.46006 0.59708 0.46216 0.70940 0.84990 0.39641 0.50794
   0.4714-0.42373-0.56704-0.52571 1.20021
 285.0000-1.02323 0.43854 0.56989 0.44982 0.66542 0.83843 0.38502 0.47236
   0.4743-0.40089-0.58284-0.53662 1.56071
 290.0000-1.05177 0.42147 0.54033 0.44075 0.62245 0.82351 0.37715 0.43729
   0.4721-0.37349-0.59789-0.54866-1.29094
 295.0000-1.07675 0.40907 0.50871 0.43456 0.58064 0.80544 0.37272 0.40288
   0.4656-0.34176-0.61206-0.56162-1.09115
 300.0000-1.09808 0.40151 0.47535 0.43077 0.54016 0.78454 0.37160 0.36927
   0.4553-0.30615-0.62521-0.57532-0.95935
RELATIVISTIC PHASE SHIFTS FOR OXYGEN O2       
   20.0000   5.0000   57   12
  20.0000 0.17366 1.38639 1.50917-0.17762-0.06477 0.01564-0.00009-0.00003
   0.0000 0.00000 0.00000 0.00000 0.00000
  25.0000-0.14951 1.09144 1.41622-0.26968-0.12105 0.08939-0.00023-0.00010
   0.0000 0.00000 0.00000 0.00000 0.00000
  30.0000-0.43522 0.82663 1.27490-0.36220-0.19191 1.45780-0.00041-0.00031
   0.0003 0.00000-0.00000-0.00000-0.00000
  35.0000-0.69204 0.58588 1.11774-0.44789-0.27341-0.40243-0.00037-0.00074
  -0.0019 0.00000 0.00000 0.00000 0.00000
  40.0000-0.92543 0.36510 0.95623-0.52071-0.36203-0.35389 0.00047-0.00155
  -0.0013 0.00001 0.00000 0.00000 0.00000
  45.0000-1.13907 0.16149 0.79517-0.57514-0.45491-0.37759 0.00327-0.00290
  -0.0018 0.00004 0.00000-0.00000-0.00000
  50.0000-1.33547-0.02695 0.63677-0.60605-0.54983-0.42352 0.01006-0.00494
  -0.0027 0.00010 0.00000 0.00000-0.00000
  55.0000-1.51638-0.20162 0.48208-0.60935-0.64507-0.48058 0.02432-0.00779
  -0.0041 0.00025 0.00001 0.00000 0.00000
  60.0000 1.45860-0.36346 0.33162-0.58396-0.73928-0.54448 0.05192-0.01153
  -0.0061 0.00058 0.00001 0.00000-0.00000
  65.0000 1.30553-0.51307 0.18559-0.53453-0.83136-0.61296 0.10308-0.01616
  -0.0088 0.00133 0.00003 0.00000-0.00000
  70.0000 1.16556-0.65074 0.04410-0.47270-0.92036-0.68457 0.19611-0.02157
  -0.0122 0.00300 0.00007 0.00000 0.00000
  75.0000 1.03855-0.77654-0.09286-0.41401-1.00546-0.75829 0.36306-0.02754
  -0.0167 0.00690 0.00013 0.00001 0.00000
  80.0000 0.92457-0.89027-0.22531-0.37141-1.08584-0.83336 0.64587-0.03372
  -0.0221 0.01740 0.00025 0.00001 0.00000
  85.0000 0.82383-0.99156-0.35327-0.35122-1.16069-0.90917 1.03415-0.03958
  -0.0287 0.06069 0.00046 0.00002 0.00000
  90.0000 0.73665-1.07989-0.47677-0.35368-1.22916-0.98520 1.39395-0.04447
  -0.0364-0.37618 0.00081 0.00004 0.00000
  95.0000 0.66328-1.15468-0.59583-0.37580-1.29035-1.06105-1.51438-0.04748
  -0.0453-0.09167 0.00140 0.00007 0.00000
 100.0000 0.60377-1.21543-0.71045-0.41364-1.34330-1.13635-1.38836-0.04748
  -0.0552-0.07111 0.00236 0.00011 0.00001
 105.0000 0.55773-1.26190-0.82059-0.46351-1.38701-1.21078-1.32839-0.04304
  -0.0663-0.06795 0.00392 0.00019 0.00001
 110.0000 0.52409-1.29440-0.92619-0.52233-1.42050-1.28405-1.30756-0.03231
  -0.0783-0.07039 0.00643 0.00030 0.00002
 115.0000 0.50094-1.31411-1.02718-0.58770-1.44291-1.35588-1.31080-0.01300
  -0.0911-0.07575 0.01051 0.00048 0.00003
 120.0000 0.48554-1.32324-1.12343-0.65773-1.45375-1.42602-1.32956 0.01780
  -0.1045-0.08310 0.01722 0.00074 0.00005
 125.0000 0.47453-1.32507-1.21479-0.73102-1.45308-1.49420-1.35875 0.06354
  -0.1183-0.09199 0.02859 0.00114 0.00007
 130.0000 0.46445-1.32351-1.30106-0.80647-1.44184-1.56017-1.39519 0.12806
  -0.1323-0.10222 0.04890 0.00170 0.00011
 135.0000 0.45221-1.32251-1.38202-0.88322-1.42205 1.51792-1.43676 0.21477
  -0.1462-0.11363 0.08901 0.00252 0.00017
 140.0000 0.43550-1.32538-1.45740-0.96062-1.39674 1.45719-1.48204 0.32502
  -0.1596-0.12612 0.18556 0.00369 0.00026
 145.0000 0.41292-1.33441-1.52691-1.03813-1.36963 1.39951-1.52997 0.45565
  -0.1722-0.13959 0.56225 0.00534 0.00037
 150.0000 0.38394-1.35076 1.55137-1.11533-1.34448 1.34521 1.56180 0.59731
  -0.1835-0.15394-0.91143 0.00767 0.00054
 155.0000 0.34861-1.37466 1.49457-1.19186-1.32445 1.29463 1.51069 0.73625
  -0.1931-0.16907-0.41949 0.01093 0.00077
 160.0000 0.30743-1.40573 1.44460-1.26743-1.31173 1.24813 1.45874 0.85955
  -0.2003-0.18489-0.30967 0.01551 0.00108
 165.0000 0.26109-1.44320 1.40172-1.34177-1.30741 1.20610 1.40635 0.95961
  -0.2046-0.20128-0.26909 0.02196 0.00150
 170.0000 0.21036-1.48615 1.36608-1.41464-1.31166 1.16896 1.35382 1.03480
  -0.2052-0.21813-0.25244 0.03112 0.00207
 175.0000 0.15601-1.53366 1.33770-1.48585-1.32407 1.13710 1.30144 1.08721
  -0.2014-0.23530-0.24705 0.04426 0.00283
 180.0000 0.09876 1.55675 1.31633-1.55519-1.34384 1.11091 1.24945 1.12045
  -0.1922-0.25267-0.24802 0.06350 0.00383
 185.0000 0.03924 1.50270 1.30149 1.51912-1.37003 1.09074 1.19806 1.13819
  -0.1767-0.27008-0.25304 0.09250 0.00514
 190.0000-0.02196 1.44649 1.29232 1.45410-1.40168 1.07681 1.14747 1.14365
  -0.1538-0.28739-0.26089 0.13816 0.00687
 195.0000-0.08434 1.38872 1.28767 1.39151-1.43788 1.06922 1.09789 1.13943
  -0.1225-0.30442-0.27083 0.21493 0.00911
 200.0000-0.14748 1.32993 1.28612 1.33156-1.47782 1.06785 1.04948 1.12760
  -0.0822-0.32099-0.28238 0.35749 0.01203
 205.0000-0.21099 1.27058 1.28611 1.27445-1.52077 1.07227 1.00245 1.10976
  -0.0323-0.33691-0.29523 0.65991 0.01581
 210.0000-0.27455 1.21108 1.28606 1.22038-1.56612 1.08175 0.95697 1.08717
   0.0267-0.35196-0.30914 1.29952 0.02070
 215.0000-0.33786 1.15178 1.28455 1.16955 1.52828 1.09524 0.91323 1.06083
   0.0937-0.36592-0.32391-1.14438 0.02705
 220.0000-0.40065 1.09301 1.28044 1.12219 1.47970 1.11139 0.87142 1.03152
   0.1664-0.37852-0.33938-0.79499 0.03530
 225.0000-0.46271 1.03505 1.27289 1.07851 1.43014 1.12869 0.83175 0.99987
   0.2417-0.38950-0.35543-0.63576 0.04606
 230.0000-0.52380 0.97817 1.26142 1.03872 1.37995 1.14558 0.79442 0.96640
   0.3158-0.39856-0.37193-0.55426 0.06019
 235.0000-0.58374 0.92262 1.24581 1.00299 1.32944 1.16065 0.75964 0.93154
   0.3855-0.40537-0.38877-0.50911 0.07890
 240.0000-0.64233 0.86865 1.22611 0.97151 1.27887 1.17271 0.72763 0.89563
   0.4478-0.40959-0.40583-0.48353 0.10399
 245.0000-0.69940 0.81648 1.20252 0.94436 1.22848 1.18090 0.69862 0.85899
   0.5011-0.41083-0.42302-0.46965 0.13817
 250.0000-0.75477 0.76634 1.17535 0.92163 1.17850 1.18470 0.67282 0.82187
   0.5446-0.40870-0.44022-0.46334 0.18572
 255.0000-0.80828 0.71846 1.14496 0.90325 1.12912 1.18386 0.65045 0.78450
   0.5784-0.40279-0.45734-0.46226 0.25367
 260.0000-0.85975 0.67307 1.11176 0.88911 1.08054 1.17841 0.63170 0.74710
   0.6031-0.39268-0.47425-0.46495 0.35393
 265.0000-0.90903 0.63039 1.07615 0.87892 1.03292 1.16854 0.61673 0.70983
   0.6196-0.37800-0.49085-0.47046 0.50673
 270.0000-0.95594 0.59064 1.03850 0.87228 0.98644 1.15455 0.60565 0.67288
   0.6288-0.35842-0.50702-0.47815 0.74246
 275.0000-1.00034 0.55405 0.99918 0.86865 0.94127 1.13681 0.59851 0.63640
   0.6316-0.33371-0.52264-0.48754 1.08332
 280.0000-1.04207 0.52081 0.95853 0.86737 0.89755 1.11573 0.59528 0.60055
   0.6291-0.30380-0.53758-0.49830 1.48022
 285.0000-1.08097 0.49113 0.91685 0.86767 0.85545 1.09171 0.59579 0.56546
   0.6219-0.26886-0.55170-0.51017-1.32291
 290.0000-1.11693 0.46517 0.87443 0.86877 0.81512 1.06515 0.59977 0.53129
   0.6107-0.22931-0.56487-0.52293-1.09037
 295.0000-1.14981 0.44304 0.83152 0.86985 0.77672 1.03641 0.60682 0.49817
   0.5963-0.18587-0.57691-0.53641-0.94104
 300.0000-1.17952 0.42483 0.78837 0.87018 0.74040 1.00584 0.61639 0.46625
   0.5790-0.13960-0.58769-0.55047-0.84462
RELATIVISTIC PHASE SHIFTS FOR ZINC Zn1        
   20.0000   5.0000   57   12
  20.0000-1.32203-0.54064-0.16246-0.04957 0.00162 0.00002 0.00000 0.00000
   0.0000 0.00000 0.00000 0.00000 0.00000
  25.0000-1.43969-0.65686-0.23293-0.08072 0.00460 0.00006 0.00000 0.00000
   0.0000 0.00000 0.00000 0.00000 0.00000
  30.0000-1.53221-0.76183-0.30610-0.11723 0.01107 0.00015 0.00000-0.00000
  -0.0000-0.00000-0.00000-0.00000-0.00000
  35.0000 1.53803-0.85632-0.37993-0.15779 0.02405 0.00034 0.00001 0.00000
   0.0000 0.00000 0.00000 0.00000 0.00000
  40.0000 1.48498-0.94096-0.45313-0.20136 0.04931 0.00070 0.00002 0.00000
   0.0000 0.00000 0.00000 0.00000 0.00000
  45.0000 1.44773-1.01623-0.52488-0.24708 0.09910 0.00130 0.00003 0.00000
  -0.0000-0.00000-0.00000-0.00000-0.00000
  50.0000 1.42378-1.08244-0.59466-0.29427 0.20422 0.00227 0.00006 0.00000
   0.0000 0.00000 0.00000 0.00000 0.00000
  55.0000 1.41034-1.13983-0.66216-0.34242 0.46023 0.00376 0.00012 0.00000
   0.0000-0.00000-0.00000-0.00000-0.00000
  60.0000 1.40446-1.18854-0.72713-0.39113 1.14225 0.00598 0.00020 0.00001
   0.0000-0.00000-0.00000-0.00000-0.00000
  65.0000 1.40310-1.22871-0.78943-0.44007-1.16975 0.00916 0.00032 0.00001
   0.0000 0.00000-0.00000-0.00000-0.00000
  70.0000 1.40344-1.26050-0.84895-0.48899-0.82639 0.01364 0.00050 0.00002
   0.0000-0.00000-0.00000-0.00000-0.00000
  75.0000 1.40312-1.28412-0.90560-0.53771-0.69679 0.01981 0.00076 0.00003
   0.0000-0.00000-0.00000-0.00000-0.00000
  80.0000 1.40038-1.29995-0.95931-0.58607-0.64263 0.02820 0.00112 0.00005
   0.0000 0.00000 0.00000 0.00000 0.00000
  85.0000 1.39408-1.30851-1.00999-0.63394-0.62161 0.03947 0.00161 0.00007
   0.0000 0.00000-0.00000-0.00000-0.00000
  90.0000 1.38364-1.31056-1.05757-0.68123-0.61787 0.05448 0.00227 0.00010
   0.0000 0.00000-0.00000-0.00000-0.00000
  95.0000 1.36895-1.30712-1.10197-0.72786-0.62427 0.07439 0.00313 0.00015
   0.0000 0.00000-0.00000-0.00000-0.00000
 100.0000 1.35014-1.29937-1.14310-0.77375-0.63712 0.10070 0.00424 0.00021
   0.0000 0.00000-0.00000-0.00000-0.00000
 105.0000 1.32757-1.28870-1.18087-0.81887-0.65435 0.13546 0.00567 0.00030
   0.0000 0.00000 0.00000 0.00000 0.00000
 110.0000 1.30165-1.27649-1.21516-0.86316-0.67467 0.18140 0.00747 0.00041
   0.0000 0.00000 0.00000-0.00000-0.00000
 115.0000 1.27284-1.26411-1.24587-0.90658-0.69723 0.24226 0.00972 0.00055
   0.0000 0.00000 0.00000-0.00000-0.00000
 120.0000 1.24159-1.25275-1.27287-0.94910-0.72146 0.32286 0.01250 0.00073
   0.0000 0.00000 0.00000-0.00000-0.00000
 125.0000 1.20831-1.24337-1.29606-0.99069-0.74696 0.42914 0.01592 0.00096
   0.0001 0.00000 0.00000 0.00000 0.00000
 130.0000 1.17339-1.23668-1.31531-1.03133-0.77342 0.56697 0.02008 0.00125
   0.0001 0.00000 0.00000 0.00000 0.00000
 135.0000 1.13714-1.23311-1.33054-1.07099-0.80061 0.73903 0.02513 0.00160
   0.0001 0.00000 0.00000 0.00000 0.00000
 140.0000 1.09987-1.23286-1.34166-1.10964-0.82835 0.93943 0.03120 0.00204
   0.0001 0.00001 0.00000-0.00000-0.00000
 145.0000 1.06182-1.23597-1.34864-1.14726-0.85649 1.15040 0.03848 0.00257
   0.0002 0.00001 0.00000-0.00000-0.00000
 150.0000 1.02323-1.24233-1.35149-1.18383-0.88492 1.34850 0.04716 0.00322
   0.0002 0.00001 0.00000 0.00000 0.00000
 155.0000 0.98427-1.25173-1.35030-1.21933-0.91355 1.51676 0.05747 0.00399
   0.0003 0.00002 0.00000 0.00000 0.00000
 160.0000 0.94511-1.26392-1.34521-1.25374-0.94228-1.49148 0.06968 0.00491
   0.0003 0.00002 0.00000 0.00000-0.00000
 165.0000 0.90589-1.27862-1.33648-1.28703-0.97106-1.38995 0.08409 0.00600
   0.0004 0.00003 0.00000 0.00000-0.00000
 170.0000 0.86673-1.29554-1.32447-1.31917-0.99983-1.31428 0.10105 0.00728
   0.0005 0.00003 0.00000 0.00000 0.00000
 175.0000 0.82774-1.31439-1.30960-1.35015-1.02852-1.25863 0.12097 0.00879
   0.0007 0.00004 0.00000 0.00000-0.00000
 180.0000 0.78901-1.33492-1.29243-1.37993-1.05710-1.21824 0.14430 0.01054
   0.0008 0.00005 0.00000 0.00000 0.00000
 185.0000 0.75062-1.35687-1.27355-1.40850-1.08553-1.18950 0.17157 0.01258
   0.0010 0.00007 0.00000 0.00000-0.00000
 190.0000 0.71264-1.38000-1.25361-1.43583-1.11377-1.16972 0.20336 0.01494
   0.0012 0.00009 0.00001 0.00000-0.00000
 195.0000 0.67514-1.40412-1.23327-1.46188-1.14179-1.15691 0.24029 0.01766
   0.0015 0.00011 0.00001 0.00000 0.00000
 200.0000 0.63816-1.42904-1.21313-1.48664-1.16956-1.14960 0.28303 0.02078
   0.0018 0.00013 0.00001 0.00000-0.00000
 205.0000 0.60177-1.45458-1.19377-1.51008-1.19705-1.14669 0.33224 0.02435
   0.0021 0.00016 0.00001 0.00000-0.00000
 210.0000 0.56600-1.48060-1.17567-1.53216-1.22424-1.14731 0.38850 0.02842
   0.0025 0.00020 0.00001 0.00000-0.00000
 215.0000 0.53091-1.50695-1.15919-1.55287-1.25109-1.15083 0.45223 0.03305
   0.0030 0.00024 0.00002 0.00000-0.00000
 220.0000 0.49652-1.53352-1.14462 1.56941-1.27760-1.15673 0.52355 0.03830
   0.0035 0.00029 0.00002 0.00000 0.00000
 225.0000 0.46288-1.56020-1.13213 1.55152-1.30373-1.16460 0.60210 0.04424
   0.0041 0.00035 0.00003 0.00000 0.00000
 230.0000 0.43001 1.55472-1.12181 1.53508-1.32948-1.17411 0.68697 0.05094
   0.0048 0.00041 0.00003 0.00000 0.00000
 235.0000 0.39796 1.52814-1.11367 1.52009-1.35481-1.18501 0.77656 0.05848
   0.0056 0.00049 0.00004 0.00000-0.00000
 240.0000 0.36675 1.50172-1.10765 1.50657-1.37971-1.19708 0.86871 0.06696
   0.0065 0.00058 0.00004 0.00000 0.00000
 245.0000 0.33642 1.47556-1.10367 1.49452-1.40417-1.21014 0.96087 0.07645
   0.0075 0.00069 0.00005 0.00000 0.00000
 250.0000 0.30698 1.44971-1.10158 1.48395-1.42815-1.22403 1.05050 0.08708
   0.0086 0.00081 0.00007 0.00000 0.00000
 255.0000 0.27848 1.42425-1.10124 1.47484-1.45165-1.23863 1.13536 0.09894
   0.0099 0.00095 0.00008 0.00001 0.00000
 260.0000 0.25094 1.39923-1.10249 1.46719-1.47465-1.25384 1.21379 0.11216
   0.0114 0.00111 0.00009 0.00001 0.00000
 265.0000 0.22438 1.37472-1.10514 1.46095-1.49714-1.26955 1.28475 0.12687
   0.0130 0.00128 0.00011 0.00001 0.00000
 270.0000 0.19884 1.35077-1.10903 1.45611-1.51908-1.28569 1.34785 0.14319
   0.0148 0.00149 0.00013 0.00001 0.00000
 275.0000 0.17433 1.32743-1.11399 1.45259-1.54047-1.30219 1.40314 0.16128
   0.0168 0.00172 0.00015 0.00001 0.00000
 280.0000 0.15089 1.30475-1.11984 1.45036-1.56130-1.31899 1.45102 0.18127
   0.0190 0.00198 0.00018 0.00001 0.00000
 285.0000 0.12853 1.28279-1.12642 1.44932 1.56006-1.33603 1.49203 0.20331
   0.0215 0.00227 0.00021 0.00002 0.00000
 290.0000 0.10728 1.26157-1.13358 1.44940 1.54043-1.35326 1.52685 0.22757
   0.0242 0.00260 0.00025 0.00002 0.00000
 295.0000 0.08716 1.24116-1.14118 1.45050 1.52142-1.37064 1.55612 0.25417
   0.0272 0.00297 0.00029 0.00002 0.00000
 300.0000 0.06819 1.22160-1.14906 1.45251 1.50304-1.38814-1.56111 0.28324
   0.0306 0.00338 0.00033 0.00003 0.00000
RELATIVISTIC PHASE SHIFTS FOR ZINC Zn2        
   20.0000   5.0000   57   12
  20.0000-1.33532-0.54654-0.16529-0.05335 0.00153 0.00002 0.00000 0.00000
   0.0000 0.00000 0.00000 0.00000 0.00000
  25.0000-1.45553-0.66401-0.23662-0.08561 0.00430 0.00006 0.00000 0.00000
   0.0000 0.00000 0.00000 0.00000 0.00000
  30.0000-1.55069-0.77021-0.31059-0.12306 0.01026 0.00015 0.00000-0.00000
  -0.0000-0.00000-0.00000-0.00000-0.00000
  35.0000 1.51686-0.86595-0.38514-0.16441 0.02205 0.00033 0.00001 0.00000
   0.0000 0.00000 0.00000 0.00000 0.00000
  40.0000 1.46116-0.95188-0.45900-0.20861 0.04447 0.00067 0.00002 0.00000
   0.0000 0.00000 0.00000 0.00000 0.00000
  45.0000 1.42145-1.02849-0.53137-0.25484 0.08717 0.00126 0.00003 0.00000
  -0.0000-0.00000-0.00000-0.00000-0.00000
  50.0000 1.39535-1.09612-0.60174-0.30245 0.17228 0.00220 0.00006 0.00000
   0.0000 0.00000 0.00000 0.00000 0.00000
  55.0000 1.38030-1.15501-0.66980-0.35095 0.36019 0.00364 0.00011 0.00000
   0.0000-0.00000-0.00000-0.00000-0.00000
  60.0000 1.37346-1.20531-0.73532-0.39994 0.82871 0.00577 0.00019 0.00001
   0.0000-0.00000-0.00000-0.00000-0.00000
  65.0000 1.37186-1.24713-0.79817-0.44912-1.48941 0.00883 0.00031 0.00001
   0.0000 0.00000-0.00000-0.00000-0.00000
  70.0000 1.37267-1.28062-0.85824-0.49825-0.98793 0.01312 0.00049 0.00002
   0.0000-0.00000-0.00000-0.00000-0.00000
  75.0000 1.37342-1.30595-0.91545-0.54715-0.79047 0.01902 0.00074 0.00003
   0.0000-0.00000-0.00000-0.00000-0.00000
  80.0000 1.37220-1.32343-0.96974-0.59566-0.70645 0.02701 0.00109 0.00004
   0.0000 0.00000 0.00000 0.00000 0.00000
  85.0000 1.36770-1.33353-1.02102-0.64367-0.66986 0.03771 0.00157 0.00007
   0.0000 0.00000-0.00000-0.00000-0.00000
  90.0000 1.35921-1.33693-1.06924-0.69109-0.65691 0.05192 0.00221 0.00010
   0.0000 0.00000-0.00000-0.00000-0.00000
  95.0000 1.34647-1.33454-1.11432-0.73784-0.65732 0.07066 0.00305 0.00015
   0.0000 0.00000-0.00000-0.00000-0.00000
 100.0000 1.32956-1.32750-1.15616-0.78386-0.66604 0.09528 0.00413 0.00021
   0.0000 0.00000-0.00000-0.00000-0.00000
 105.0000 1.30878-1.31711-1.19469-0.82909-0.68025 0.12759 0.00552 0.00029
   0.0000 0.00000 0.00000 0.00000 0.00000
 110.0000 1.28452-1.30476-1.22979-0.87350-0.69828 0.16998 0.00727 0.00040
   0.0000 0.00000 0.00000-0.00000-0.00000
 115.0000 1.25722-1.29184-1.26136-0.91705-0.71906 0.22563 0.00945 0.00054
   0.0000 0.00000 0.00000-0.00000-0.00000
 120.0000 1.22735-1.27958-1.28927-0.95970-0.74187 0.29868 0.01215 0.00072
   0.0000 0.00000 0.00000-0.00000-0.00000
 125.0000 1.19531-1.26903-1.31342-1.00144-0.76620 0.39417 0.01546 0.00094
   0.0001 0.00000 0.00000 0.00000 0.00000
 130.0000 1.16149-1.26095-1.33368-1.04222-0.79169 0.51740 0.01949 0.00122
   0.0001 0.00000 0.00000 0.00000 0.00000
 135.0000 1.12625-1.25588-1.34995-1.08203-0.81807 0.67178 0.02437 0.00157
   0.0001 0.00000 0.00000 0.00000 0.00000
 140.0000 1.08988-1.25408-1.36215-1.12085-0.84511 0.85476 0.03023 0.00200
   0.0001 0.00001 0.00000-0.00000-0.00000
 145.0000 1.05266-1.25564-1.37021-1.15865-0.87266 1.05407 0.03725 0.00252
   0.0002 0.00001 0.00000-0.00000-0.00000
 150.0000 1.01480-1.26048-1.37414-1.19542-0.90058 1.24979 0.04561 0.00314
   0.0002 0.00001 0.00000 0.00000 0.00000
 155.0000 0.97652-1.26844-1.37397-1.23113-0.92876 1.42363 0.05553 0.00390
   0.0003 0.00002 0.00000 0.00000 0.00000
 160.0000 0.93797-1.27928-1.36983-1.26576-0.95710 1.56653 0.06725 0.00480
   0.0003 0.00002 0.00000 0.00000-0.00000
 165.0000 0.89931-1.29272-1.36194-1.29929-0.98554-1.46329 0.08105 0.00586
   0.0004 0.00003 0.00000 0.00000-0.00000
 170.0000 0.86067-1.30847-1.35061-1.33169-1.01400-1.37830 0.09727 0.00711
   0.0005 0.00003 0.00000 0.00000 0.00000
 175.0000 0.82216-1.32624-1.33624-1.36295-1.04244-1.31475 0.11628 0.00858
   0.0006 0.00004 0.00000 0.00000-0.00000
 180.0000 0.78387-1.34578-1.31935-1.39303-1.07079-1.26783 0.13849 0.01030
   0.0008 0.00005 0.00000 0.00000 0.00000
 185.0000 0.74590-1.36681-1.30050-1.42192-1.09901-1.23375 0.16438 0.01228
   0.0010 0.00007 0.00000 0.00000-0.00000
 190.0000 0.70830-1.38911-1.28034-1.44958-1.12708-1.20959 0.19449 0.01458
   0.0012 0.00008 0.00000 0.00000-0.00000
 195.0000 0.67116-1.41246-1.25953-1.47600-1.15494-1.19317 0.22939 0.01723
   0.0014 0.00011 0.00001 0.00000 0.00000
 200.0000 0.63453-1.43667-1.23870-1.50114-1.18258-1.18286 0.26968 0.02027
   0.0017 0.00013 0.00001 0.00000-0.00000
 205.0000 0.59846-1.46155-1.21843-1.52499-1.20996-1.17742 0.31597 0.02374
   0.0021 0.00016 0.00001 0.00000-0.00000
 210.0000 0.56300-1.48696-1.19926-1.54750-1.23705-1.17591 0.36881 0.02770
   0.0025 0.00019 0.00001 0.00000-0.00000
 215.0000 0.52820-1.51274-1.18158-1.56867-1.26383-1.17760 0.42861 0.03220
   0.0029 0.00023 0.00002 0.00000-0.00000
 220.0000 0.49409-1.53878-1.16573 1.55314-1.29028-1.18192 0.49556 0.03730
   0.0034 0.00028 0.00002 0.00000 0.00000
 225.0000 0.46072-1.56496-1.15190 1.53475-1.31637-1.18843 0.56945 0.04306
   0.0040 0.00034 0.00002 0.00000 0.00000
 230.0000 0.42812 1.55043-1.14023 1.51778-1.34209-1.19675 0.64958 0.04955
   0.0047 0.00041 0.00003 0.00000 0.00000
 235.0000 0.39632 1.52428-1.13074 1.50224-1.36741-1.20661 0.73468 0.05686
   0.0055 0.00048 0.00004 0.00000-0.00000
 240.0000 0.36536 1.49828-1.12340 1.48816-1.39232-1.21775 0.82294 0.06506
   0.0063 0.00057 0.00004 0.00000 0.00000
 245.0000 0.33526 1.47252-1.11814 1.47553-1.41679-1.22998 0.91210 0.07425
   0.0073 0.00068 0.00005 0.00000 0.00000
 250.0000 0.30606 1.44705-1.11483 1.46437-1.44081-1.24314 0.99982 0.08451
   0.0085 0.00079 0.00006 0.00000 0.00000
 255.0000 0.27779 1.42195-1.11333 1.45466-1.46436-1.25709 1.08388 0.09596
   0.0097 0.00093 0.00008 0.00001 0.00000
 260.0000 0.25047 1.39729-1.11347 1.44640-1.48742-1.27171 1.16252 0.10871
   0.0111 0.00109 0.00009 0.00001 0.00000
 265.0000 0.22413 1.37312-1.11508 1.43955-1.50998-1.28689 1.23453 0.12288
   0.0127 0.00126 0.00011 0.00001 0.00000
 270.0000 0.19881 1.34950-1.11798 1.43410-1.53202-1.30255 1.29926 0.13859
   0.0145 0.00146 0.00013 0.00001 0.00000
 275.0000 0.17451 1.32649-1.12201 1.43000-1.55351-1.31861 1.35656 0.15598
   0.0164 0.00169 0.00015 0.00001 0.00000
 280.0000 0.15128 1.30412-1.12698 1.42719 1.56714-1.33502 1.40664 0.17518
   0.0186 0.00194 0.00018 0.00001 0.00000
 285.0000 0.12913 1.28246-1.13273 1.42560 1.54678-1.35170 1.44992 0.19633
   0.0210 0.00223 0.00021 0.00002 0.00000
 290.0000 0.10808 1.26155-1.13911 1.42517 1.52700-1.36861 1.48696 0.21957
   0.0237 0.00256 0.00024 0.00002 0.00000
 295.0000 0.08817 1.24144-1.14596 1.42579 1.50783-1.38569 1.51838 0.24504
   0.0266 0.00292 0.00028 0.00002 0.00000
 300.0000 0.06940 1.22217-1.15313 1.42737 1.48928-1.40292 1.54477 0.27286
   0.0299 0.00332 0.00032 0.00003 0.00000
